0 0 0 0 0 0 1 1 0 0 
0 1 0 1 0 0 1 0 0 0 
0 1 0 0 0 0 1 0 0 1 
0 1 0 0 1 0 1 0 0 1 
0 1 1 0 1 0 0 0 0 0 
0 0 1 0 1 1 1 0 0 0 
0 0 1 0 0 1 0 1 0 0 
0 0 1 0 1 0 0 1 0 1 
0 0 0 0 1 0 1 1 0 1 
0 0 0 0 1 0 0 1 0 0 
1 0 0 0 1 1 0 1 0 0 
1 1 0 0 0 1 0 1 0 0 
1 0 0 1 0 0 0 1 0 0 
1 0 0 1 0 1 0 1 1 0 
1 0 1 0 0 1 0 0 1 0 
0 0 0 0 0 1 1 0 1 1 
1 0 0 1 0 1 1 0 1 0 
1 0 0 1 0 0 0 0 1 0 
0 0 0 1 0 0 0 1 1 0 
0 0 0 1 1 0 0 0 1 0 
0 0 0 0 1 0 0 0 1 1 
1 0 0 0 1 0 0 0 0 1 
1 0 1 0 1 0 1 0 0 1 
0 0 1 0 0 0 0 0 0 1 
Row permutation
13 23 5 22 18 20 11 12 0 19 15 8 14 9 1 4 2 3 10 17 16 6 21 7 
Total cost: 62510