0 0 1 0 1 1 1 0 0 0 
0 0 1 0 0 0 0 0 0 1 
0 0 1 0 0 1 0 1 0 0 
1 0 1 0 0 1 0 0 1 0 
0 0 0 0 0 1 1 0 1 1 
1 0 0 1 0 1 1 0 1 0 
1 0 0 1 0 0 0 0 1 0 
0 0 0 0 1 0 0 0 1 1 
0 0 0 1 1 0 0 0 1 0 
0 0 0 1 0 0 0 1 1 0 
1 0 0 1 0 1 0 1 1 0 
1 0 0 1 0 0 0 1 0 0 
1 1 0 0 0 1 0 1 0 0 
1 0 0 0 1 1 0 1 0 0 
0 0 0 0 1 0 0 1 0 0 
0 0 0 0 1 0 1 1 0 1 
0 0 1 0 1 0 0 1 0 1 
1 0 1 0 1 0 1 0 0 1 
1 0 0 0 1 0 0 0 0 1 
0 1 1 0 1 0 0 0 0 0 
0 1 0 0 1 0 1 0 0 1 
0 1 0 0 0 0 1 0 0 1 
0 1 0 1 0 0 1 0 0 0 
0 0 0 0 0 0 1 1 0 0 
Row permutation
20 7 11 1 4 2 3 16 17 10 9 14 8 15 19 0 12 21 6 18 22 5 23 13 
Total cost: 76050