0 1 0 1 0 1 1 0 1 1 
0 1 0 1 1 0 1 1 0 1 
0 0 1 1 1 0 1 0 1 1 
1 0 1 1 1 1 1 0 1 1 
1 1 1 1 1 0 1 0 0 1 
1 1 1 1 0 0 1 1 0 1 
1 1 1 1 0 1 1 0 0 1 
1 1 1 1 1 1 1 0 1 1 
1 1 1 0 1 1 1 0 1 1 
1 0 1 0 1 1 1 1 1 1 
1 1 1 0 1 1 1 1 1 1 
1 1 1 0 1 1 1 1 0 1 
1 1 1 0 1 1 1 1 1 0 
1 1 1 1 1 0 1 1 1 1 
1 0 1 1 1 1 1 1 1 1 
1 1 1 1 1 1 1 1 0 1 
1 1 1 0 1 1 0 1 0 0 
1 1 1 1 0 1 1 1 1 0 
1 1 0 1 1 1 1 1 1 0 
0 1 1 1 1 1 0 1 1 0 
0 0 1 1 1 1 0 1 1 1 
1 1 0 0 1 1 0 1 1 1 
1 1 0 1 1 0 0 1 1 1 
1 0 0 1 0 0 0 1 1 1 
Row permutation
2 13 7 18 6 23 5 16 21 4 20 22 8 10 19 0 11 9 17 12 15 1 3 14 
Total cost: 110750