0 1 0 1 0 1 1 0 1 1 
0 1 1 1 1 1 0 1 1 0 
1 1 1 0 1 1 0 1 0 0 
1 1 0 0 1 1 0 1 1 1 
1 1 0 1 1 1 1 1 1 0 
1 1 1 1 0 1 1 1 1 0 
1 1 1 0 1 1 1 1 1 1 
1 1 1 0 1 1 1 1 1 0 
1 0 1 0 1 1 1 1 1 1 
1 0 1 1 1 1 1 0 1 1 
1 0 1 1 1 1 1 1 1 1 
1 1 1 1 1 1 1 1 0 1 
1 1 1 1 1 1 1 0 1 1 
1 1 1 0 1 1 1 0 1 1 
1 1 1 1 0 1 1 0 0 1 
1 1 1 0 1 1 1 1 0 1 
1 1 1 1 0 0 1 1 0 1 
1 1 1 1 1 0 1 1 1 1 
1 1 1 1 1 0 1 0 0 1 
0 0 1 1 1 0 1 0 1 1 
0 0 1 1 1 1 0 1 1 1 
1 0 0 1 0 0 0 1 1 1 
1 1 0 1 1 0 0 1 1 1 
0 1 0 1 1 0 1 1 0 1 
Row permutation
2 12 11 1 17 9 20 8 4 18 19 0 16 21 5 22 23 10 6 7 15 14 3 13 
Total cost: 154410