0 0 1 0 0 0 0 0 0 0 0 1 
1 0 1 0 0 1 1 0 0 0 0 1 
1 0 1 0 0 0 1 0 0 1 0 1 
0 0 1 0 0 0 1 0 1 1 0 1 
0 0 0 1 0 0 1 0 0 1 0 0 
0 0 0 0 1 0 1 0 0 1 0 0 
0 0 0 0 1 0 1 0 0 0 0 0 
0 0 0 0 1 0 1 0 1 0 0 0 
1 0 0 0 1 0 1 0 0 0 0 0 
0 1 0 1 0 0 1 0 0 0 0 1 
1 0 0 1 0 0 1 0 0 1 1 1 
1 0 1 1 0 0 1 0 0 1 1 0 
0 0 1 1 1 0 1 0 1 0 1 0 
0 0 0 0 0 0 1 0 0 0 1 1 
0 1 0 1 1 0 1 0 0 0 1 1 
0 1 0 1 0 1 1 0 0 0 1 0 
0 1 0 1 0 0 1 1 0 0 1 0 
0 1 0 1 0 1 0 1 0 0 1 0 
1 0 0 0 0 1 0 1 1 0 1 0 
1 0 0 0 0 1 0 1 0 1 1 0 
0 0 0 0 1 1 0 0 1 0 1 0 
0 0 1 0 0 1 0 0 1 0 1 0 
1 0 1 0 0 1 0 0 0 0 1 1 
0 0 1 0 0 0 0 1 0 0 1 1 
0 0 1 0 1 0 1 1 0 0 1 0 
0 0 1 0 1 0 0 1 0 1 1 0 
1 0 1 0 0 0 0 1 0 1 0 0 
0 0 1 0 0 0 0 1 0 0 0 0 
0 0 1 0 0 1 0 1 0 0 0 0 
0 1 0 0 0 1 0 1 0 0 0 1 
1 1 0 0 0 1 0 1 0 1 0 0 
0 0 0 1 0 0 0 0 0 1 0 0 
Row permutation
19 16 18 17 22 7 4 6 5 21 3 2 1 15 0 24 23 30 29 28 25 26 27 14 11 12 8 9 13 20 31 10 
Total cost: 120790