0 0 1 0 0 0 0 0 0 0 0 1 
0 0 1 0 0 1 0 1 0 0 0 0 
1 0 1 0 0 0 0 1 0 1 0 0 
0 0 1 0 0 0 0 1 0 0 0 0 
0 0 1 0 0 0 0 1 0 0 1 1 
0 0 1 0 1 0 0 1 0 1 1 0 
0 0 1 0 1 0 1 1 0 0 1 0 
0 0 1 1 1 0 1 0 1 0 1 0 
0 0 0 0 1 1 0 0 1 0 1 0 
0 0 1 0 0 1 0 0 1 0 1 0 
1 0 0 0 0 1 0 1 1 0 1 0 
1 0 1 0 0 1 0 0 0 0 1 1 
1 0 0 0 0 1 0 1 0 1 1 0 
1 1 0 0 0 1 0 1 0 1 0 0 
0 1 0 0 0 1 0 1 0 0 0 1 
0 1 0 1 0 1 0 1 0 0 1 0 
0 1 0 1 0 0 1 1 0 0 1 0 
0 1 0 1 0 1 1 0 0 0 1 0 
0 1 0 1 1 0 1 0 0 0 1 1 
0 0 0 0 0 0 1 0 0 0 1 1 
0 1 0 1 0 0 1 0 0 0 0 1 
1 0 0 1 0 0 1 0 0 1 1 1 
1 0 1 1 0 0 1 0 0 1 1 0 
1 0 1 0 0 1 1 0 0 0 0 1 
1 0 1 0 0 0 1 0 0 1 0 1 
0 0 1 0 0 0 1 0 1 1 0 1 
0 0 0 1 0 0 1 0 0 1 0 0 
0 0 0 1 0 0 0 0 0 1 0 0 
0 0 0 0 1 0 1 0 0 1 0 0 
0 0 0 0 1 0 1 0 0 0 0 0 
0 0 0 0 1 0 1 0 1 0 0 0 
1 0 0 0 1 0 1 0 0 0 0 0 
Row permutation
19 13 8 9 14 12 11 1 25 26 29 27 28 31 20 30 23 24 0 15 21 3 2 16 18 17 22 10 7 4 6 5 
Total cost: 96070