0 1 0 1 0 0 1 1 0 0 1 1 
1 1 0 1 1 0 1 1 1 0 1 1 
1 1 1 1 1 0 1 1 0 0 1 1 
1 1 1 1 1 0 1 1 1 1 1 1 
1 1 1 1 1 0 1 0 1 1 0 1 
1 1 1 0 0 0 1 0 1 0 1 1 
1 1 0 0 0 0 1 0 1 1 1 1 
0 1 0 1 1 1 0 1 0 1 1 1 
1 1 0 1 0 1 1 0 1 1 0 1 
1 1 0 1 1 1 1 0 1 1 1 1 
1 0 1 1 1 1 0 0 1 1 1 1 
0 1 1 1 1 1 0 0 0 0 1 1 
0 1 1 1 1 1 1 0 1 0 1 1 
1 1 1 0 1 1 1 1 1 0 1 1 
1 1 1 0 1 1 1 1 0 0 1 1 
0 1 1 0 1 1 1 1 1 0 0 1 
1 1 1 0 0 1 1 1 1 1 1 1 
1 0 1 1 1 1 0 1 1 1 0 0 
1 1 1 1 1 1 0 1 1 1 0 1 
1 0 1 1 0 1 1 1 1 1 0 0 
1 1 1 1 1 1 1 1 0 1 1 1 
1 1 1 1 1 1 1 1 0 1 1 1 
1 1 1 1 0 1 1 1 1 1 1 1 
1 1 1 1 1 0 0 1 0 1 1 1 
1 0 1 1 1 0 0 1 0 1 1 0 
1 1 1 1 0 0 1 1 1 1 1 1 
1 1 0 1 0 0 1 1 1 1 1 1 
1 1 0 1 1 1 1 1 1 1 1 0 
1 1 0 1 1 1 1 1 1 1 1 0 
1 1 0 1 1 1 1 0 1 1 1 1 
1 1 0 1 1 1 1 0 1 1 1 1 
0 1 0 1 1 0 1 0 1 1 0 1 
Row permutation
23 21 11 1 18 6 15 20 10 28 29 19 16 26 27 4 17 13 31 22 24 12 9 14 8 2 3 30 25 5 0 7 
Total cost: 163670