0 1 0 1 0 0 1 1 0 0 1 1 
0 1 1 1 1 1 0 0 0 0 1 1 
1 0 1 1 1 1 0 0 1 1 1 1 
1 1 1 1 0 1 1 1 1 1 1 1 
0 1 1 1 1 1 1 0 1 0 1 1 
1 1 1 0 0 0 1 0 1 0 1 1 
1 1 0 0 0 0 1 0 1 1 1 1 
1 1 1 0 0 1 1 1 1 1 1 1 
1 1 0 1 0 1 1 0 1 1 0 1 
0 1 0 1 1 0 1 0 1 1 0 1 
1 1 1 1 1 0 1 0 1 1 0 1 
1 1 1 1 0 0 1 1 1 1 1 1 
1 1 0 1 0 0 1 1 1 1 1 1 
1 1 0 1 1 1 1 0 1 1 1 1 
1 1 0 1 1 1 1 0 1 1 1 1 
1 1 0 1 1 1 1 0 1 1 1 1 
1 1 0 1 1 1 1 1 1 1 1 0 
1 1 0 1 1 1 1 1 1 1 1 0 
1 1 1 1 1 1 1 1 0 1 1 1 
1 0 1 1 1 0 0 1 0 1 1 0 
1 1 1 1 1 0 0 1 0 1 1 1 
1 1 1 1 1 0 1 1 1 1 1 1 
1 1 0 1 1 0 1 1 1 0 1 1 
1 1 1 1 1 0 1 1 0 0 1 1 
1 1 1 0 1 1 1 1 0 0 1 1 
1 1 1 0 1 1 1 1 1 0 1 1 
1 1 1 1 1 1 1 1 0 1 1 1 
1 1 1 1 1 1 0 1 1 1 0 1 
1 0 1 1 1 1 0 1 1 1 0 0 
1 0 1 1 0 1 1 1 1 1 0 0 
0 1 1 0 1 1 1 1 1 0 0 1 
0 1 0 1 1 1 0 1 0 1 1 1 
Row permutation
23 19 29 9 16 6 15 17 10 7 18 2 3 28 5 0 30 25 24 8 14 1 21 11 27 26 12 31 13 22 4 20 
Total cost: 245910