1 0 0 0 0 0 0 0 0 1 0 0 0 1 
0 0 0 0 1 0 1 0 0 1 1 0 0 1 
0 0 0 0 0 0 1 0 0 1 1 0 1 0 
0 0 0 0 0 0 0 0 1 1 1 0 0 0 
0 0 0 0 0 1 0 1 1 0 1 1 1 1 
1 0 0 0 0 0 0 1 0 0 1 1 0 0 
0 1 0 1 0 0 0 1 0 0 1 0 0 0 
0 1 0 0 0 0 0 1 0 0 0 0 1 0 
0 1 1 0 0 0 1 1 0 1 0 0 1 0 
1 1 0 0 1 0 0 1 0 0 0 0 1 0 
1 0 0 0 0 1 0 1 0 1 0 0 1 0 
1 0 0 1 1 0 1 1 0 1 0 1 0 0 
1 0 0 1 1 0 1 0 0 0 0 0 0 0 
1 0 1 0 1 0 0 0 0 0 0 1 0 0 
1 0 1 0 1 0 0 0 0 0 0 1 0 1 
1 0 1 1 0 0 0 0 0 0 0 0 0 0 
1 1 1 1 0 1 0 0 0 0 0 0 0 0 
0 1 0 1 0 0 0 0 0 0 0 0 0 1 
0 1 0 1 0 1 0 0 1 1 0 0 0 0 
0 1 0 1 0 0 0 0 1 0 0 0 1 0 
0 0 0 1 0 0 0 0 1 0 0 0 1 0 
0 0 0 1 0 0 0 0 1 0 0 0 0 1 
0 0 1 1 0 0 0 1 0 0 0 0 0 1 
0 0 1 1 0 0 1 1 0 1 0 0 0 1 
1 0 1 1 0 0 0 0 0 0 0 0 1 1 
1 0 1 1 0 1 0 1 0 0 0 0 1 1 
0 0 1 1 1 1 1 1 0 0 1 0 0 1 
0 1 1 1 1 1 0 1 0 0 1 0 0 1 
0 1 1 1 0 1 0 1 0 0 0 1 0 1 
0 1 1 1 0 1 0 1 0 0 1 1 1 0 
0 1 1 1 0 1 0 0 0 1 0 1 0 0 
0 1 1 0 0 1 0 0 1 0 0 1 0 0 
1 1 1 0 0 1 1 0 1 0 0 0 0 1 
1 1 1 0 0 0 0 0 1 0 1 0 0 0 
0 1 1 0 0 0 0 0 1 1 0 0 0 1 
0 0 1 0 0 1 0 0 0 1 0 1 0 0 
0 0 1 0 0 1 0 0 0 0 0 1 0 0 
0 0 1 0 1 1 1 0 1 0 0 1 1 0 
0 1 0 0 0 1 1 0 0 0 1 1 0 0 
1 0 0 0 0 0 0 1 1 0 0 0 0 0 
Row permutation
21 13 38 33 32 19 1 12 26 37 20 0 17 18 24 23 36 34 2 11 30 14 28 27 22 3 4 5 6 29 7 8 9 10 35 25 16 31 39 15 
Total cost: 179510