1 0 0 0 0 0 0 0 0 1 0 0 0 1 
1 0 1 0 1 0 0 0 0 0 0 1 0 0 
1 0 1 0 1 0 0 0 0 0 0 1 0 1 
1 0 1 1 0 0 0 0 0 0 0 0 1 1 
1 0 1 1 0 0 0 0 0 0 0 0 0 0 
1 0 0 1 1 0 1 0 0 0 0 0 0 0 
1 0 0 1 1 0 1 1 0 1 0 1 0 0 
1 0 0 0 0 0 0 1 0 0 1 1 0 0 
1 0 0 0 0 0 0 1 1 0 0 0 0 0 
1 0 0 0 0 1 0 1 0 1 0 0 1 0 
0 1 1 0 0 0 1 1 0 1 0 0 1 0 
1 1 0 0 1 0 0 1 0 0 0 0 1 0 
0 1 0 0 0 0 0 1 0 0 0 0 1 0 
0 1 0 1 0 0 0 1 0 0 1 0 0 0 
1 1 1 0 0 0 0 0 1 0 1 0 0 0 
1 1 1 1 0 1 0 0 0 0 0 0 0 0 
0 1 0 1 0 0 0 0 0 0 0 0 0 1 
0 0 0 1 0 0 0 0 1 0 0 0 0 1 
0 0 0 1 0 0 0 0 1 0 0 0 1 0 
0 1 0 1 0 0 0 0 1 0 0 0 1 0 
0 1 0 1 0 1 0 0 1 1 0 0 0 0 
0 1 1 0 0 0 0 0 1 1 0 0 0 1 
1 1 1 0 0 1 1 0 1 0 0 0 0 1 
0 0 1 0 1 1 1 0 1 0 0 1 1 0 
0 1 1 0 0 1 0 0 1 0 0 1 0 0 
0 1 1 1 0 1 0 0 0 1 0 1 0 0 
0 0 1 0 0 1 0 0 0 1 0 1 0 0 
0 0 1 0 0 1 0 0 0 0 0 1 0 0 
0 1 0 0 0 1 1 0 0 0 1 1 0 0 
0 1 1 1 0 1 0 1 0 0 1 1 1 0 
0 1 1 1 0 1 0 1 0 0 0 1 0 1 
0 1 1 1 1 1 0 1 0 0 1 0 0 1 
0 0 1 1 0 0 0 1 0 0 0 0 0 1 
1 0 1 1 0 1 0 1 0 0 0 0 1 1 
0 0 0 0 0 1 0 1 1 0 1 1 1 1 
0 0 1 1 1 1 1 1 0 0 1 0 0 1 
0 0 1 1 0 0 1 1 0 1 0 0 0 1 
0 0 0 0 1 0 1 0 0 1 1 0 0 1 
0 0 0 0 0 0 1 0 0 1 1 0 1 0 
0 0 0 0 0 0 0 0 1 1 1 0 0 0 
Row permutation
21 18 24 22 23 17 0 19 15 20 26 37 12 1 10 36 34 14 30 11 2 35 9 31 8 7 25 16 39 29 6 5 28 3 32 4 27 13 38 33 
Total cost: 145960