1 0 1 1 1 0 0 1 1 0 0 1 1 0 
1 0 1 1 1 0 1 1 1 0 0 1 1 1 
1 1 1 1 0 1 1 1 0 0 1 0 1 1 
1 1 1 1 0 0 1 1 1 0 1 0 1 1 
0 1 1 0 0 0 1 1 1 1 1 1 1 0 
0 0 1 1 0 0 1 1 1 1 1 1 1 1 
1 0 1 1 0 1 1 1 1 1 1 0 0 1 
1 0 1 1 1 1 1 1 1 1 1 0 1 1 
1 1 1 1 1 1 1 1 0 1 0 1 0 1 
1 1 1 1 1 1 0 1 1 1 1 0 1 0 
0 1 1 0 1 1 0 1 1 1 1 1 1 1 
1 1 1 1 1 1 0 1 1 1 0 1 1 1 
1 0 1 1 1 0 0 1 1 1 1 1 0 1 
1 1 1 1 1 1 0 1 1 0 1 1 1 0 
1 1 1 1 1 1 0 1 1 1 0 1 1 1 
0 1 1 1 1 1 0 1 1 1 1 0 1 1 
1 1 0 1 0 1 0 0 1 1 1 1 1 1 
1 1 0 1 1 0 0 1 1 1 1 1 1 1 
0 1 0 1 1 1 0 0 1 1 0 0 1 1 
1 1 0 1 1 0 1 1 1 0 0 1 1 1 
1 0 0 0 1 0 1 1 1 1 0 1 1 1 
1 1 0 1 0 1 1 1 1 1 1 1 0 1 
1 1 0 1 1 1 1 1 1 0 1 1 1 1 
1 0 0 1 1 1 1 1 0 1 1 1 0 1 
1 1 1 1 0 1 1 0 1 1 1 1 1 1 
1 0 1 1 1 1 1 1 1 0 1 1 1 1 
1 0 1 1 1 1 1 1 0 1 1 1 1 1 
1 0 1 0 1 1 1 1 1 0 1 1 0 1 
1 1 1 1 1 1 1 1 1 1 1 0 1 1 
1 1 1 1 1 1 1 0 1 1 0 1 1 1 
1 1 1 1 1 1 1 1 1 1 0 1 1 1 
1 1 1 1 0 1 1 0 1 1 0 1 1 1 
1 1 1 1 0 1 1 0 1 1 0 1 0 0 
1 1 1 1 0 1 1 0 1 1 1 1 1 0 
1 1 1 0 1 1 1 0 1 1 0 1 1 0 
0 1 1 0 1 1 0 1 0 1 0 1 1 0 
1 1 1 0 1 1 1 0 0 0 1 1 1 1 
1 1 0 1 0 1 1 0 0 0 1 1 0 1 
0 1 1 1 1 1 1 0 0 1 1 1 0 1 
0 1 1 1 0 1 0 0 0 1 1 1 0 1 
Row permutation
15 18 29 10 26 38 33 0 34 20 8 6 28 23 14 35 30 1 11 37 21 19 32 13 36 4 27 24 5 17 3 22 2 7 31 12 9 39 16 25 
Total cost: 236680