0 1 0 1 1 1 0 0 1 1 0 0 1 1 
0 1 1 1 1 1 0 1 1 1 1 0 1 1 
1 1 1 1 0 1 1 1 0 0 1 0 1 1 
1 1 1 1 0 0 1 1 1 0 1 0 1 1 
1 1 1 1 1 1 0 1 1 1 1 0 1 0 
1 1 1 1 1 1 1 1 1 1 1 0 1 1 
1 0 1 1 0 1 1 1 1 1 1 0 0 1 
1 0 1 1 1 1 1 1 1 1 1 0 1 1 
1 0 1 1 1 0 0 1 1 1 1 1 0 1 
1 1 0 1 0 1 0 0 1 1 1 1 1 1 
1 1 0 1 0 1 1 1 1 1 1 1 0 1 
1 0 0 1 1 1 1 1 0 1 1 1 0 1 
1 1 0 1 0 1 1 0 0 0 1 1 0 1 
1 0 1 0 1 1 1 1 1 0 1 1 0 1 
1 0 1 1 1 1 1 1 1 0 1 1 1 1 
1 0 1 1 1 1 1 1 0 1 1 1 1 1 
1 1 1 0 1 1 1 0 0 0 1 1 1 1 
1 0 0 0 1 0 1 1 1 1 0 1 1 1 
1 1 0 1 1 0 0 1 1 1 1 1 1 1 
1 1 0 1 1 0 1 1 1 0 0 1 1 1 
1 0 1 1 1 0 1 1 1 0 0 1 1 1 
1 0 1 1 1 0 0 1 1 0 0 1 1 0 
1 1 1 1 1 1 0 1 1 0 1 1 1 0 
1 1 0 1 1 1 1 1 1 0 1 1 1 1 
1 1 1 1 1 1 1 1 1 1 0 1 1 1 
1 1 1 1 1 1 0 1 1 1 0 1 1 1 
1 1 1 1 1 1 0 1 1 1 0 1 1 1 
1 1 1 0 1 1 1 0 1 1 0 1 1 0 
1 1 1 1 1 1 1 0 1 1 0 1 1 1 
1 1 1 1 0 1 1 0 1 1 0 1 1 1 
1 1 1 1 0 1 1 0 1 1 0 1 0 0 
1 1 1 1 0 1 1 0 1 1 1 1 1 0 
1 1 1 1 0 1 1 0 1 1 1 1 1 1 
1 1 1 1 1 1 1 1 0 1 0 1 0 1 
0 1 1 1 1 1 1 0 0 1 1 1 0 1 
0 1 1 1 0 1 0 0 0 1 1 1 0 1 
0 1 1 0 1 1 0 1 0 1 0 1 1 0 
0 1 1 0 1 1 0 1 1 1 1 1 1 1 
0 0 1 1 0 0 1 1 1 1 1 1 1 1 
0 1 1 0 0 0 1 1 1 1 1 1 1 0 
Row permutation
11 35 29 10 20 5 33 0 28 30 19 13 39 24 4 27 9 21 1 37 18 15 23 32 3 6 14 31 17 22 2 7 36 34 16 25 12 8 38 26 
Total cost: 356950