1 0 0 0 0 0 1 0 0 1 0 0 0 0 0 1 
0 1 0 0 0 1 1 0 0 1 0 0 0 0 0 1 
0 1 0 0 0 1 0 0 0 0 0 1 0 0 0 0 
0 1 0 0 1 0 1 0 1 0 0 1 0 0 0 0 
0 1 0 0 1 0 1 0 0 0 0 1 0 1 1 0 
0 0 0 1 1 0 0 0 0 1 0 1 0 0 0 1 
0 1 0 0 1 1 0 1 0 0 0 1 0 0 1 1 
0 1 0 1 1 0 0 1 0 0 0 1 1 0 0 0 
0 0 1 0 1 0 1 1 0 1 0 1 1 0 0 0 
0 0 0 0 1 0 0 1 0 1 1 1 1 0 0 0 
0 0 1 0 1 1 0 1 0 0 1 0 1 0 1 0 
0 0 1 0 0 1 0 0 0 1 1 0 0 0 1 1 
0 0 1 0 0 0 0 1 0 1 1 0 0 0 1 0 
1 0 0 0 0 0 0 1 0 0 1 0 0 0 1 0 
0 0 1 0 1 0 1 1 1 0 1 0 0 0 1 1 
0 0 1 1 1 0 1 0 0 0 1 1 0 0 1 1 
0 1 1 0 0 1 0 1 0 0 1 0 0 0 0 0 
0 1 1 1 0 0 0 1 0 0 0 0 0 0 1 0 
0 0 1 1 0 0 0 1 0 0 0 0 1 0 1 0 
0 0 0 1 0 0 0 1 1 1 0 0 1 0 1 0 
0 0 1 0 1 0 0 0 1 1 0 0 0 0 1 0 
0 0 1 1 1 0 0 1 0 1 0 0 0 0 1 0 
1 0 1 1 0 0 0 0 0 1 0 0 0 0 0 0 
0 0 1 1 0 0 0 1 0 1 0 0 0 1 0 1 
0 0 1 1 0 1 0 1 0 1 0 0 0 1 0 0 
1 0 1 1 0 1 0 1 0 0 0 0 1 0 0 0 
1 0 0 1 0 0 0 0 0 1 0 0 1 0 0 0 
1 0 1 1 0 0 1 1 0 0 0 0 1 0 0 1 
1 1 0 1 0 1 1 0 0 0 0 0 1 1 0 1 
1 0 0 0 0 0 1 0 1 1 0 1 0 1 0 1 
1 0 1 0 0 0 0 1 1 0 0 1 0 1 0 1 
1 0 0 1 0 0 1 1 1 0 0 0 0 1 0 1 
1 1 0 1 0 0 1 1 1 0 0 0 0 0 0 0 
0 1 0 1 0 0 1 1 1 0 0 0 1 0 0 1 
0 1 0 1 1 0 1 1 1 0 0 0 0 0 0 1 
0 1 0 1 1 0 1 0 1 0 0 0 0 1 0 0 
0 0 1 1 0 0 1 1 1 0 0 0 0 1 0 0 
0 0 1 1 0 1 1 0 1 0 0 0 1 0 0 0 
0 0 0 1 1 1 1 0 1 0 0 0 1 0 0 0 
0 0 0 0 0 1 0 0 1 0 0 1 0 0 0 0 
0 0 0 0 0 1 1 0 0 0 1 1 0 1 1 0 
0 1 1 0 0 0 1 0 1 0 1 0 0 1 0 0 
0 1 0 1 1 0 0 0 1 0 1 0 0 0 0 0 
1 0 0 1 1 1 0 0 1 1 1 1 0 0 0 0 
0 0 0 1 1 0 0 0 0 1 1 0 0 0 0 0 
0 0 0 1 1 0 0 0 0 0 1 0 1 0 0 0 
1 0 0 1 0 0 0 0 0 0 1 0 0 0 0 0 
1 0 0 0 0 0 0 0 0 0 1 0 0 1 0 0 
Row permutation
13 12 24 45 19 14 47 46 21 39 0 11 37 1 31 8 42 23 22 6 38 20 35 3 5 43 34 7 44 32 2 29 28 10 9 18 4 27 26 17 25 30 41 33 36 40 15 16 
Total cost: 197650