0 0 1 0 1 0 0 0 1 1 0 0 0 0 1 0 
0 0 1 0 0 1 0 0 0 1 1 0 0 0 1 1 
1 0 1 1 0 0 0 0 0 1 0 0 0 0 0 0 
0 0 1 1 0 1 0 1 0 1 0 0 0 1 0 0 
0 0 1 1 0 0 0 1 0 1 0 0 0 1 0 1 
1 0 1 1 0 0 1 1 0 0 0 0 1 0 0 1 
1 0 1 0 0 0 0 1 1 0 0 1 0 1 0 1 
0 0 1 0 1 0 1 1 1 0 1 0 0 0 1 1 
0 0 1 0 1 1 0 1 0 0 1 0 1 0 1 0 
0 1 1 0 0 1 0 1 0 0 1 0 0 0 0 0 
0 0 1 0 0 0 0 1 0 1 1 0 0 0 1 0 
0 0 1 1 1 0 0 1 0 1 0 0 0 0 1 0 
0 1 1 1 0 0 0 1 0 0 0 0 0 0 1 0 
0 0 1 1 0 0 0 1 0 0 0 0 1 0 1 0 
1 0 1 1 0 1 0 1 0 0 0 0 1 0 0 0 
0 0 1 0 1 0 1 1 0 1 0 1 1 0 0 0 
0 0 0 0 1 0 0 1 0 1 1 1 1 0 0 0 
0 1 0 1 1 0 0 1 0 0 0 1 1 0 0 0 
0 1 0 0 1 1 0 1 0 0 0 1 0 0 1 1 
0 0 0 1 1 0 0 0 0 1 0 1 0 0 0 1 
0 1 0 0 0 1 0 0 0 0 0 1 0 0 0 0 
0 0 0 0 0 1 0 0 1 0 0 1 0 0 0 0 
0 1 0 0 1 0 1 0 1 0 0 1 0 0 0 0 
0 1 1 0 0 0 1 0 1 0 1 0 0 1 0 0 
0 1 0 1 1 0 1 0 1 0 0 0 0 1 0 0 
0 1 0 0 1 0 1 0 0 0 0 1 0 1 1 0 
1 0 0 0 0 0 1 0 1 1 0 1 0 1 0 1 
1 0 0 0 0 0 1 0 0 1 0 0 0 0 0 1 
0 1 0 0 0 1 1 0 0 1 0 0 0 0 0 1 
1 1 0 1 0 1 1 0 0 0 0 0 1 1 0 1 
0 0 1 1 1 0 1 0 0 0 1 1 0 0 1 1 
0 1 0 1 1 0 1 1 1 0 0 0 0 0 0 1 
0 1 0 1 0 0 1 1 1 0 0 0 1 0 0 1 
1 0 0 1 0 0 1 1 1 0 0 0 0 1 0 1 
1 1 0 1 0 0 1 1 1 0 0 0 0 0 0 0 
0 0 1 1 0 0 1 1 1 0 0 0 0 1 0 0 
0 0 1 1 0 1 1 0 1 0 0 0 1 0 0 0 
0 0 0 1 1 1 1 0 1 0 0 0 1 0 0 0 
0 0 0 1 0 0 0 1 1 1 0 0 1 0 1 0 
1 0 0 1 0 0 0 0 0 1 0 0 1 0 0 0 
1 0 0 1 1 1 0 0 1 1 1 1 0 0 0 0 
0 0 0 1 1 0 0 0 0 1 1 0 0 0 0 0 
0 1 0 1 1 0 0 0 1 0 1 0 0 0 0 0 
0 0 0 1 1 0 0 0 0 0 1 0 1 0 0 0 
1 0 0 1 0 0 0 0 0 0 1 0 0 0 0 0 
1 0 0 0 0 0 0 1 0 0 1 0 0 0 1 0 
0 0 0 0 0 1 1 0 0 0 1 1 0 1 1 0 
1 0 0 0 0 0 0 0 0 0 1 0 0 1 0 0 
Row permutation
38 11 35 5 3 7 2 31 0 42 37 20 23 22 43 21 39 46 47 14 24 17 45 30 18 19 32 13 12 44 8 9 10 29 28 4 27 26 6 34 33 36 41 40 15 1 25 16 
Total cost: 247050