0 0 1 1 0 1 1 0 0 1 1 1 0 0 1 1 
0 1 1 1 0 1 1 0 0 0 0 1 1 1 1 1 
1 1 1 0 0 1 1 0 1 0 1 1 1 0 1 1 
1 0 1 0 0 1 0 0 1 1 0 1 1 1 1 1 
0 0 0 0 0 1 1 0 1 1 0 1 1 0 1 1 
1 1 1 0 0 1 1 1 1 1 0 1 1 1 1 1 
0 1 1 1 1 1 1 1 1 0 0 1 1 1 1 1 
0 1 0 1 1 1 1 1 1 0 1 1 1 1 0 1 
0 1 0 1 1 1 1 1 1 1 1 1 1 1 1 0 
0 1 1 0 1 1 1 1 1 1 0 1 0 1 1 0 
0 1 1 1 0 1 1 0 1 1 0 1 1 1 1 0 
0 0 1 1 0 1 1 1 1 1 0 1 1 1 1 1 
0 0 1 1 0 1 1 1 1 0 1 1 1 1 1 0 
0 1 1 1 0 1 1 0 1 1 1 1 1 0 1 1 
0 0 1 1 0 1 1 0 1 1 1 1 1 1 1 1 
1 1 1 1 0 1 0 0 1 1 1 0 0 1 1 1 
1 1 1 0 1 1 1 1 1 1 1 1 1 1 1 1 
1 1 1 1 0 1 1 1 1 1 1 1 0 1 1 1 
0 1 1 1 1 1 1 1 1 0 1 1 1 1 1 1 
1 1 1 0 1 1 1 0 1 1 1 1 1 1 1 1 
0 1 1 1 1 1 1 1 1 1 1 1 0 1 1 1 
1 0 1 1 1 1 0 0 1 1 1 1 1 1 1 1 
0 0 1 1 1 0 1 1 1 1 1 1 1 1 1 1 
1 0 0 1 1 1 1 1 1 1 0 1 1 0 1 0 
1 0 1 0 1 1 1 1 1 1 0 1 1 1 0 1 
1 0 0 1 1 1 1 1 1 1 1 1 0 1 1 1 
1 0 1 1 1 1 1 1 1 0 1 0 0 1 1 1 
1 0 1 1 1 1 1 1 0 1 1 1 0 1 1 1 
1 0 1 1 1 1 1 1 1 1 1 1 0 1 1 1 
1 0 1 1 1 1 1 0 1 1 0 1 0 1 1 1 
1 0 1 1 1 1 0 1 1 0 0 1 0 1 1 1 
1 1 1 0 0 1 1 1 1 1 1 1 0 1 1 1 
1 1 1 1 1 0 0 1 1 1 1 0 1 1 1 1 
1 1 1 1 0 0 0 1 1 1 1 1 1 1 1 1 
1 1 1 1 1 1 1 1 0 1 1 0 1 0 1 1 
1 0 0 1 1 1 1 1 1 0 1 0 1 1 1 1 
1 1 1 1 1 1 0 1 0 0 1 0 1 1 1 1 
1 1 1 1 1 0 0 1 0 0 1 0 1 1 1 1 
0 1 1 0 1 1 0 1 0 0 1 1 0 1 1 1 
1 1 1 0 1 0 1 1 0 0 1 1 1 1 1 1 
1 1 1 0 1 1 1 1 0 1 1 1 1 1 0 1 
1 1 0 1 1 1 1 1 0 1 1 1 0 1 0 0 
1 1 0 1 1 0 1 1 0 1 1 1 1 1 0 1 
1 1 0 1 1 0 1 1 1 1 1 1 1 1 0 1 
1 1 0 0 1 0 1 1 1 1 0 1 1 1 0 1 
1 1 0 0 1 0 1 1 1 1 0 1 1 1 1 0 
1 1 0 0 1 1 1 0 1 1 1 0 1 0 1 0 
0 0 1 0 1 0 0 1 1 1 1 0 1 0 1 1 
Row permutation
43 42 18 16 40 45 20 8 24 17 41 36 5 39 35 0 13 3 2 30 34 38 7 19 23 44 26 27 32 29 47 15 11 6 22 25 31 1 33 14 10 12 21 37 28 46 9 4 
Total cost: 318400