0 1 1 1 0 1 1 0 0 0 0 1 1 1 1 1 
1 1 1 1 0 0 0 1 1 1 1 1 1 1 1 1 
1 1 1 1 1 1 1 1 0 1 1 0 1 0 1 1 
1 1 1 1 1 1 0 1 0 0 1 0 1 1 1 1 
1 1 1 1 1 0 0 1 0 0 1 0 1 1 1 1 
1 1 1 1 1 0 0 1 1 1 1 0 1 1 1 1 
1 1 1 0 1 0 1 1 0 0 1 1 1 1 1 1 
0 1 1 0 1 1 0 1 0 0 1 1 0 1 1 1 
0 1 0 1 1 1 1 1 1 0 1 1 1 1 0 1 
0 1 1 0 1 1 1 1 1 1 0 1 0 1 1 0 
1 1 0 1 1 1 1 1 0 1 1 1 0 1 0 0 
1 1 0 1 1 0 1 1 0 1 1 1 1 1 0 1 
1 1 0 0 1 0 1 1 1 1 0 1 1 1 0 1 
1 1 0 0 1 0 1 1 1 1 0 1 1 1 1 0 
1 1 0 1 1 0 1 1 1 1 1 1 1 1 0 1 
1 1 1 0 1 1 1 1 0 1 1 1 1 1 0 1 
1 0 1 0 1 1 1 1 1 1 0 1 1 1 0 1 
1 1 1 0 1 1 1 1 1 1 1 1 1 1 1 1 
1 1 1 0 0 1 1 1 1 1 0 1 1 1 1 1 
1 1 1 0 0 1 1 1 1 1 1 1 0 1 1 1 
1 1 1 1 0 1 1 1 1 1 1 1 0 1 1 1 
1 0 1 1 1 1 1 1 0 1 1 1 0 1 1 1 
1 0 1 1 1 1 1 1 1 1 1 1 0 1 1 1 
1 0 1 1 1 1 1 0 1 1 0 1 0 1 1 1 
1 0 0 1 1 1 1 1 1 1 1 1 0 1 1 1 
1 0 1 1 1 1 1 1 1 0 1 0 0 1 1 1 
0 1 1 1 1 1 1 1 1 1 1 1 0 1 1 1 
0 1 1 1 1 1 1 1 1 0 1 1 1 1 1 1 
0 1 1 1 1 1 1 1 1 0 0 1 1 1 1 1 
0 0 1 1 0 1 1 1 1 1 0 1 1 1 1 1 
0 0 1 1 0 1 1 1 1 0 1 1 1 1 1 0 
0 1 0 1 1 1 1 1 1 1 1 1 1 1 1 0 
0 0 1 1 1 0 1 1 1 1 1 1 1 1 1 1 
0 0 1 1 0 1 1 0 1 1 1 1 1 1 1 1 
0 1 1 1 0 1 1 0 1 1 0 1 1 1 1 0 
0 1 1 1 0 1 1 0 1 1 1 1 1 0 1 1 
0 0 0 0 0 1 1 0 1 1 0 1 1 0 1 1 
1 0 0 1 1 1 1 1 1 1 0 1 1 0 1 0 
1 1 0 0 1 1 1 0 1 1 1 0 1 0 1 0 
1 0 0 1 1 1 1 1 1 0 1 0 1 1 1 1 
1 1 1 0 1 1 1 0 1 1 1 1 1 1 1 1 
1 1 1 0 0 1 1 0 1 0 1 1 1 0 1 1 
1 0 1 0 0 1 0 0 1 1 0 1 1 1 1 1 
1 0 1 1 1 1 0 1 1 0 0 1 0 1 1 1 
1 0 1 1 1 1 0 0 1 1 1 1 1 1 1 1 
1 1 1 1 0 1 0 0 1 1 1 0 0 1 1 1 
0 0 1 1 0 1 1 0 0 1 1 1 0 0 1 1 
0 0 1 0 1 0 0 1 1 1 1 0 1 0 1 1 
Row permutation
42 6 22 31 1 11 14 33 8 17 12 21 28 46 37 10 23 13 45 15 3 27 32 29 44 26 34 2 20 36 5 24 7 35 41 39 40 19 9 25 30 18 16 47 38 0 43 4 
Total cost: 485940