1 0 1 0 0 0 0 1 0 0 0 0 0 0 0 1 0 0 
1 0 1 0 0 0 0 1 0 0 0 0 0 0 0 0 0 0 
1 0 1 1 0 0 0 1 1 0 0 0 0 0 1 0 1 1 
1 0 0 0 0 0 0 1 1 0 1 0 0 0 0 1 0 1 
0 0 1 0 0 0 0 0 0 0 1 0 1 1 0 0 1 0 
0 0 1 0 0 0 0 0 0 0 0 0 1 1 0 0 0 0 
0 0 1 0 0 0 0 1 1 0 0 0 0 0 0 0 0 0 
0 1 0 0 0 0 0 0 1 0 0 0 0 0 0 0 1 0 
0 1 1 0 0 0 0 1 1 0 0 1 0 0 0 0 1 0 
0 1 0 0 1 0 0 1 1 0 0 1 0 0 1 0 0 0 
1 0 1 0 0 1 0 0 1 0 0 0 0 0 1 0 0 0 
1 1 0 0 0 1 1 0 1 0 0 0 0 0 1 0 1 0 
0 1 1 0 0 0 1 0 1 0 0 0 0 0 0 1 0 1 
0 1 0 0 0 1 0 0 1 0 1 0 1 0 0 1 0 1 
0 1 1 0 0 1 1 0 0 0 1 0 1 0 0 0 0 0 
0 1 1 0 0 1 1 1 1 0 1 1 1 1 0 0 0 0 
0 1 1 0 1 1 0 1 0 1 1 0 1 1 0 1 0 0 
0 1 0 0 1 1 0 0 0 1 1 0 0 1 1 0 0 0 
0 0 1 0 0 0 0 0 1 0 1 0 0 1 0 0 0 0 
0 1 1 0 0 1 0 0 1 0 1 0 0 1 0 0 0 1 
0 1 1 0 0 0 0 0 1 1 1 0 0 1 0 1 1 0 
0 1 0 0 0 1 0 1 1 1 0 0 0 1 1 1 1 0 
1 1 1 0 0 0 0 0 1 1 0 1 0 1 0 0 0 0 
0 0 1 0 1 1 0 0 1 1 0 1 0 0 0 0 0 1 
0 0 1 0 1 1 0 0 1 1 0 0 0 1 0 0 1 1 
0 0 0 0 1 1 0 1 0 1 0 0 0 1 1 0 1 0 
0 0 1 0 1 0 0 0 0 1 0 0 0 1 1 0 0 1 
0 0 1 0 0 0 0 0 0 1 0 0 0 1 1 1 0 1 
0 0 0 1 1 0 1 0 0 0 0 0 0 1 1 1 1 1 
1 0 0 1 0 0 1 0 0 1 0 0 0 1 0 1 1 0 
0 0 1 1 0 0 1 0 1 0 0 1 1 1 1 1 1 0 
0 0 0 1 0 1 1 0 1 1 0 1 0 0 0 1 1 1 
0 0 0 1 0 0 0 0 1 0 0 1 0 0 0 1 0 0 
1 0 0 1 0 0 0 0 1 0 0 0 0 0 0 1 1 1 
1 0 0 1 0 1 1 0 0 0 0 1 1 0 1 1 0 1 
0 0 0 1 0 1 0 1 0 0 0 1 1 0 1 0 0 1 
0 1 1 0 0 0 0 1 0 0 0 1 1 0 0 0 0 1 
0 0 0 0 0 0 1 0 0 1 0 1 0 1 1 0 0 0 
1 0 0 1 0 0 0 0 0 1 0 0 1 1 1 0 0 1 
0 0 0 1 0 0 0 1 0 0 0 0 1 0 1 0 0 0 
0 0 0 0 1 0 0 1 1 0 0 0 1 1 1 0 0 1 
0 0 0 0 1 0 1 0 0 0 1 0 1 0 1 0 0 1 
0 1 0 0 0 0 1 0 0 1 1 0 1 0 1 0 1 0 
0 0 1 1 1 0 0 0 0 1 1 1 1 0 1 0 1 0 
1 0 1 0 0 0 0 0 0 0 1 0 1 0 1 1 1 1 
0 1 0 0 1 0 0 0 0 0 1 1 0 0 0 1 1 1 
1 0 0 0 0 0 0 0 0 0 1 1 1 0 0 0 1 1 
1 0 0 0 1 0 0 0 1 0 1 0 1 0 0 0 0 1 
0 0 0 1 1 0 0 1 0 0 1 1 1 0 0 0 0 0 
0 0 0 0 1 0 0 0 0 0 0 0 1 1 0 1 0 0 
0 1 0 0 1 1 0 1 0 0 0 0 0 0 0 0 0 1 
0 0 0 1 1 1 0 1 0 0 0 0 0 0 0 0 0 1 
1 0 0 0 1 1 1 0 0 1 0 0 0 0 0 0 0 1 
0 0 0 0 0 1 1 0 0 0 0 1 0 0 1 0 0 1 
0 0 1 0 0 0 1 0 0 0 1 1 0 0 0 0 1 1 
0 0 1 0 1 0 1 0 0 0 1 0 0 0 0 0 0 0 
Row permutation
31 36 39 32 38 47 10 11 18 1 8 46 9 34 27 45 35 54 7 42 51 23 12 33 55 24 17 52 20 50 0 15 37 22 6 43 4 26 25 44 30 41 21 49 3 16 13 14 29 53 19 48 40 28 5 2 
Total cost: 264340