0 1 0 0 1 0 0 1 1 0 0 1 0 0 1 0 0 0 
0 1 0 0 1 1 0 1 0 0 0 0 0 0 0 0 0 1 
0 0 0 1 1 1 0 1 0 0 0 0 0 0 0 0 0 1 
1 0 0 0 1 1 1 0 0 1 0 0 0 0 0 0 0 1 
0 0 0 0 0 1 1 0 0 0 0 1 0 0 1 0 0 1 
0 0 0 0 0 0 1 0 0 1 0 1 0 1 1 0 0 0 
0 0 0 0 1 1 0 1 0 1 0 0 0 1 1 0 1 0 
0 1 0 0 1 1 0 0 0 1 1 0 0 1 1 0 0 0 
1 0 0 1 0 0 0 0 0 1 0 0 1 1 1 0 0 1 
1 0 0 1 0 1 1 0 0 0 0 1 1 0 1 1 0 1 
0 0 0 1 0 1 0 1 0 0 0 1 1 0 1 0 0 1 
0 0 0 1 0 0 0 1 0 0 0 0 1 0 1 0 0 0 
0 1 1 0 0 0 0 1 0 0 0 1 1 0 0 0 0 1 
0 0 0 0 1 0 0 1 1 0 0 0 1 1 1 0 0 1 
0 0 0 0 1 0 0 0 0 0 0 0 1 1 0 1 0 0 
0 0 1 0 0 0 0 0 0 0 1 0 1 1 0 0 1 0 
0 0 1 0 0 0 0 0 0 0 0 0 1 1 0 0 0 0 
0 1 0 0 0 0 1 0 0 1 1 0 1 0 1 0 1 0 
0 0 1 1 1 0 0 0 0 1 1 1 1 0 1 0 1 0 
0 0 0 1 1 0 0 1 0 0 1 1 1 0 0 0 0 0 
0 0 0 0 1 0 1 0 0 0 1 0 1 0 1 0 0 1 
1 0 0 0 1 0 0 0 1 0 1 0 1 0 0 0 0 1 
1 0 0 0 0 0 0 0 0 0 1 1 1 0 0 0 1 1 
1 0 1 0 0 0 0 0 0 0 1 0 1 0 1 1 1 1 
1 0 0 0 0 0 0 1 1 0 1 0 0 0 0 1 0 1 
0 1 0 0 0 1 0 0 1 0 1 0 1 0 0 1 0 1 
0 1 0 0 1 0 0 0 0 0 1 1 0 0 0 1 1 1 
0 0 1 0 0 0 1 0 0 0 1 1 0 0 0 0 1 1 
0 0 1 0 1 0 1 0 0 0 1 0 0 0 0 0 0 0 
0 1 1 0 0 1 1 0 0 0 1 0 1 0 0 0 0 0 
0 1 1 0 0 1 1 1 1 0 1 1 1 1 0 0 0 0 
0 1 1 0 0 1 0 0 1 0 1 0 0 1 0 0 0 1 
0 1 1 0 1 1 0 1 0 1 1 0 1 1 0 1 0 0 
0 0 1 0 1 0 0 0 0 1 0 0 0 1 1 0 0 1 
0 0 1 0 1 1 0 0 1 1 0 1 0 0 0 0 0 1 
0 0 1 0 1 1 0 0 1 1 0 0 0 1 0 0 1 1 
1 0 1 1 0 0 0 1 1 0 0 0 0 0 1 0 1 1 
1 0 1 0 0 1 0 0 1 0 0 0 0 0 1 0 0 0 
0 0 1 0 0 0 0 0 1 0 1 0 0 1 0 0 0 0 
1 1 1 0 0 0 0 0 1 1 0 1 0 1 0 0 0 0 
0 1 1 0 0 0 0 1 1 0 0 1 0 0 0 0 1 0 
0 0 1 0 0 0 0 1 1 0 0 0 0 0 0 0 0 0 
0 1 1 0 0 0 1 0 1 0 0 0 0 0 0 1 0 1 
1 0 0 1 0 0 0 0 1 0 0 0 0 0 0 1 1 1 
0 0 0 1 0 0 0 0 1 0 0 1 0 0 0 1 0 0 
0 1 0 0 0 0 0 0 1 0 0 0 0 0 0 0 1 0 
1 1 0 0 0 1 1 0 1 0 0 0 0 0 1 0 1 0 
0 1 0 0 0 1 0 1 1 1 0 0 0 1 1 1 1 0 
0 1 1 0 0 0 0 0 1 1 1 0 0 1 0 1 1 0 
0 0 0 1 0 1 1 0 1 1 0 1 0 0 0 1 1 1 
1 0 0 1 0 0 1 0 0 1 0 0 0 1 0 1 1 0 
0 0 0 1 1 0 1 0 0 0 0 0 0 1 1 1 1 1 
0 0 1 1 0 0 1 0 1 0 0 1 1 1 1 1 1 0 
0 0 1 0 0 0 0 0 0 1 0 0 0 1 1 1 0 1 
1 0 1 0 0 0 0 1 0 0 0 0 0 0 0 1 0 0 
1 0 1 0 0 0 0 1 0 0 0 0 0 0 0 0 0 0 
Row permutation
1 19 48 40 28 26 24 54 25 6 43 44 4 30 53 38 47 21 49 29 41 14 13 3 32 34 16 5 2 27 45 42 35 17 33 55 39 8 7 12 18 10 9 22 37 11 46 23 51 15 50 20 0 52 31 36 
Total cost: 323040