1 0 1 0 0 1 1 0 1 0 1 1 1 0 0 1 1 0 
0 1 0 0 1 1 1 1 0 1 1 1 1 0 0 1 1 0 
0 0 1 0 1 0 1 0 1 0 0 1 1 1 1 1 1 0 
0 0 1 1 1 0 1 0 1 0 0 1 1 0 1 1 1 0 
0 1 0 1 1 0 1 1 1 1 0 0 0 0 0 1 1 0 
1 1 0 1 0 0 1 1 1 1 1 0 1 1 0 1 1 0 
1 1 0 1 0 1 1 1 1 1 1 0 0 1 1 1 1 1 
1 1 1 0 1 1 1 1 1 1 0 1 0 1 0 1 1 1 
1 1 1 1 1 1 1 1 1 1 0 1 0 1 1 1 1 1 
0 1 1 0 1 1 1 1 1 1 0 1 0 1 1 0 1 1 
0 1 1 1 1 1 1 1 0 1 1 1 0 1 1 0 1 1 
0 1 1 0 0 1 1 1 0 1 1 0 1 1 1 0 1 1 
1 1 1 0 0 1 1 1 1 1 0 1 1 1 1 0 1 1 
1 1 1 0 0 1 1 1 1 1 0 0 1 0 1 1 1 1 
0 1 1 1 0 0 1 1 1 1 1 0 1 1 1 1 1 1 
0 1 1 1 1 1 1 1 0 1 1 0 1 1 1 1 0 0 
0 1 1 1 1 1 0 1 1 1 1 0 1 1 0 1 1 1 
0 1 0 1 1 1 0 1 1 1 1 0 1 1 1 1 1 1 
0 1 0 0 1 1 0 1 1 1 0 0 1 1 1 1 1 1 
0 1 0 0 1 0 1 1 1 1 0 0 1 1 1 1 1 0 
1 1 1 0 1 0 1 1 0 0 1 1 1 1 1 1 1 0 
1 1 0 0 1 1 1 0 0 0 1 1 1 1 1 1 1 0 
1 1 0 0 1 1 1 1 1 1 0 1 1 1 1 1 1 0 
1 1 1 0 1 1 1 0 1 0 1 1 1 1 1 1 1 0 
1 1 1 0 1 1 1 0 1 1 1 1 1 1 1 1 1 0 
1 1 1 0 1 1 1 0 1 1 1 1 1 1 1 1 1 1 
1 1 1 1 1 1 1 0 0 0 1 1 1 1 1 0 1 1 
1 1 1 0 1 0 0 1 0 0 1 1 1 1 0 1 1 1 
1 1 1 0 0 1 0 1 0 1 1 0 1 1 1 1 1 1 
1 1 1 1 1 1 1 1 1 1 1 1 1 1 1 1 1 1 
1 1 1 0 1 0 1 1 1 1 1 0 1 0 1 1 1 1 
1 1 1 1 1 1 0 1 1 1 1 0 1 0 1 1 1 1 
1 1 1 1 1 0 1 1 1 1 1 1 1 0 1 1 0 1 
1 1 1 1 1 0 1 1 1 1 1 1 1 1 1 1 0 0 
1 1 1 1 1 0 0 1 1 1 0 1 1 1 1 1 0 0 
1 1 1 0 1 1 1 0 1 1 1 1 1 1 1 1 0 0 
1 0 1 1 1 1 1 0 1 1 1 0 1 1 1 1 1 1 
1 1 1 1 1 1 0 1 1 1 1 1 1 1 1 1 0 1 
1 1 1 0 1 1 1 1 0 1 1 1 1 0 1 1 0 1 
1 0 1 1 1 1 0 1 0 1 1 1 1 0 1 1 1 1 
1 0 1 1 1 1 1 1 1 1 1 1 1 1 0 1 1 1 
0 1 1 1 1 1 1 1 0 1 1 1 1 1 0 1 1 1 
1 0 1 1 1 1 1 1 1 1 1 1 1 1 1 1 1 1 
1 0 1 1 1 1 1 1 1 1 1 1 0 1 1 1 1 1 
1 1 1 1 1 1 1 1 1 0 1 1 1 0 0 1 1 1 
1 1 1 1 1 1 1 0 1 0 1 1 1 0 1 1 1 1 
1 0 1 1 1 1 1 1 1 0 1 1 1 1 0 1 1 1 
1 0 1 1 0 1 1 1 1 1 1 1 1 1 1 1 0 1 
1 0 1 1 0 1 1 1 1 1 1 1 1 0 1 1 0 1 
1 1 1 1 0 1 1 1 1 0 1 1 0 0 1 1 0 1 
1 0 1 1 1 1 1 0 0 0 1 1 0 1 1 0 0 1 
1 1 1 1 1 0 1 0 0 1 1 1 1 1 0 0 1 1 
0 1 1 1 1 0 1 0 0 0 1 1 1 0 1 0 1 1 
0 1 1 1 1 0 1 1 0 1 1 0 1 0 0 1 1 1 
0 1 1 1 0 1 1 0 1 1 1 1 1 1 1 1 1 1 
0 0 0 1 1 0 1 0 0 0 1 1 0 0 1 1 0 0 
Row permutation
55 29 9 33 32 24 25 39 41 53 27 43 16 17 52 38 45 21 15 8 26 37 40 22 34 10 13 2 5 36 49 48 18 42 14 23 0 28 47 54 50 3 35 51 12 46 11 31 7 4 44 6 30 19 1 20 
Total cost: 639810