0 1 0 1 1 0 1 1 1 1 0 0 0 0 0 1 1 0 
0 1 0 0 1 0 1 1 1 1 0 0 1 1 1 1 1 0 
0 1 0 0 1 1 1 1 0 1 1 1 1 0 0 1 1 0 
1 1 0 0 1 1 1 1 1 1 0 1 1 1 1 1 1 0 
1 1 0 0 1 1 1 0 0 0 1 1 1 1 1 1 1 0 
1 1 1 0 1 1 1 1 1 1 0 1 0 1 0 1 1 1 
1 1 1 0 1 1 1 0 1 1 1 1 1 1 1 1 0 0 
1 1 1 0 1 1 1 0 1 1 1 1 1 1 1 1 1 0 
1 0 1 0 0 1 1 0 1 0 1 1 1 0 0 1 1 0 
1 1 1 0 1 1 1 0 1 0 1 1 1 1 1 1 1 0 
1 1 1 0 1 0 1 1 0 0 1 1 1 1 1 1 1 0 
1 1 1 1 1 1 1 1 1 0 1 1 1 0 0 1 1 1 
1 0 1 1 1 1 1 1 1 0 1 1 1 1 0 1 1 1 
1 0 1 1 1 1 1 1 1 1 1 1 1 1 0 1 1 1 
1 0 1 1 1 1 1 1 1 1 1 1 1 1 1 1 1 1 
1 0 1 1 1 1 1 1 1 1 1 1 0 1 1 1 1 1 
1 0 1 1 0 1 1 1 1 1 1 1 1 1 1 1 0 1 
1 0 1 1 0 1 1 1 1 1 1 1 1 0 1 1 0 1 
1 1 1 1 1 0 1 1 1 1 1 1 1 0 1 1 0 1 
1 1 1 1 1 0 1 1 1 1 1 1 1 1 1 1 0 0 
1 1 1 1 1 0 0 1 1 1 0 1 1 1 1 1 0 0 
1 1 1 1 1 1 0 1 1 1 1 1 1 1 1 1 0 1 
1 1 1 1 0 1 1 1 1 0 1 1 0 0 1 1 0 1 
1 1 0 1 0 1 1 1 1 1 1 0 0 1 1 1 1 1 
1 1 0 1 0 0 1 1 1 1 1 0 1 1 0 1 1 0 
1 1 1 1 1 1 1 1 1 1 1 1 1 1 1 1 1 1 
1 1 1 1 1 1 1 1 1 1 0 1 0 1 1 1 1 1 
1 1 1 0 1 1 1 1 0 1 1 1 1 0 1 1 0 1 
1 1 1 0 1 1 1 0 1 1 1 1 1 1 1 1 1 1 
0 1 1 0 1 1 1 1 1 1 0 1 0 1 1 0 1 1 
1 1 1 0 0 1 1 1 1 1 0 1 1 1 1 0 1 1 
1 1 1 0 1 0 1 1 1 1 1 0 1 0 1 1 1 1 
1 1 1 0 1 0 0 1 0 0 1 1 1 1 0 1 1 1 
1 0 1 1 1 1 0 1 0 1 1 1 1 0 1 1 1 1 
1 1 1 0 0 1 0 1 0 1 1 0 1 1 1 1 1 1 
0 1 1 0 0 1 1 1 0 1 1 0 1 1 1 0 1 1 
1 1 1 0 0 1 1 1 1 1 0 0 1 0 1 1 1 1 
0 1 0 0 1 1 0 1 1 1 0 0 1 1 1 1 1 1 
0 1 0 1 1 1 0 1 1 1 1 0 1 1 1 1 1 1 
0 1 1 1 1 1 0 1 1 1 1 0 1 1 0 1 1 1 
0 1 1 1 0 0 1 1 1 1 1 0 1 1 1 1 1 1 
1 1 1 1 1 1 0 1 1 1 1 0 1 0 1 1 1 1 
1 0 1 1 1 1 1 0 1 1 1 0 1 1 1 1 1 1 
0 1 1 1 0 1 1 0 1 1 1 1 1 1 1 1 1 1 
1 1 1 1 1 0 1 0 0 1 1 1 1 1 0 0 1 1 
0 1 1 1 1 1 1 1 0 1 1 0 1 1 1 1 0 0 
0 1 1 1 1 0 1 1 0 1 1 0 1 0 0 1 1 1 
0 1 1 1 1 1 1 1 0 1 1 1 1 1 0 1 1 1 
0 1 1 1 1 1 1 1 0 1 1 1 0 1 1 0 1 1 
1 1 1 1 1 1 1 0 0 0 1 1 1 1 1 0 1 1 
1 0 1 1 1 1 1 0 0 0 1 1 0 1 1 0 0 1 
0 1 1 1 1 0 1 0 0 0 1 1 1 0 1 0 1 1 
1 1 1 1 1 1 1 0 1 0 1 1 1 0 1 1 1 1 
0 0 1 1 1 0 1 0 1 0 0 1 1 0 1 1 1 0 
0 0 1 0 1 0 1 0 1 0 0 1 1 1 1 1 1 0 
0 0 0 1 1 0 1 0 0 0 1 1 0 0 1 1 0 0 
Row permutation
32 8 29 40 37 39 23 34 55 22 26 12 11 50 35 51 31 7 18 42 14 28 4 25 24 36 41 47 10 53 16 49 2 54 5 43 17 15 21 45 52 48 0 1 6 38 19 3 27 13 44 30 46 33 9 20 
Total cost: 416650