0 1 0 0 0 0 0 0 1 0 0 1 0 0 0 0 0 0 0 0 
0 0 1 0 0 0 1 0 1 0 1 1 0 0 0 1 0 0 0 0 
0 0 1 0 0 0 1 0 1 0 1 0 0 1 0 0 0 0 0 0 
1 0 1 0 0 0 0 0 1 1 1 0 1 0 0 0 1 0 1 0 
1 0 1 0 0 1 0 1 0 1 1 0 0 0 0 0 1 0 0 0 
0 0 1 1 0 0 0 1 0 1 1 0 0 1 1 0 0 0 1 0 
0 0 1 0 0 0 0 1 0 1 0 0 0 0 0 0 0 0 0 0 
0 0 1 0 0 0 0 1 0 1 0 0 0 0 0 0 0 1 0 0 
0 0 1 0 0 0 0 0 0 1 0 0 1 0 1 0 0 1 0 0 
0 0 1 0 0 1 0 0 1 1 0 0 1 0 1 1 1 0 0 0 
0 0 1 0 0 0 0 0 0 1 1 1 1 0 1 1 1 1 0 0 
0 0 1 0 0 0 0 0 1 0 0 1 1 0 1 1 1 0 0 0 
0 0 1 0 1 0 0 1 0 1 0 0 1 0 0 1 1 0 0 0 
1 1 1 0 1 0 0 1 0 0 0 0 1 0 0 0 1 1 1 1 
0 0 1 0 0 0 1 0 0 0 0 0 1 0 0 0 1 0 1 1 
0 0 1 0 0 0 1 0 0 0 0 0 1 0 0 0 1 0 1 0 
0 0 1 0 1 0 1 0 1 0 0 1 1 0 0 1 1 0 1 0 
0 0 0 0 1 1 1 0 1 0 0 1 0 0 0 0 1 0 1 0 
1 1 0 0 1 0 0 0 0 1 0 0 1 1 0 1 1 0 1 0 
1 1 1 0 1 0 0 0 1 0 0 0 1 0 0 1 1 0 1 1 
1 0 0 0 1 0 0 0 1 0 0 0 0 1 0 0 1 0 0 1 
1 0 0 1 0 0 0 0 0 0 0 0 0 0 0 1 1 0 0 1 
0 0 0 1 0 0 0 0 1 0 0 0 0 1 0 1 1 0 0 1 
1 0 0 0 0 0 0 0 1 0 0 0 0 0 0 1 1 0 0 0 
1 1 0 0 0 0 0 0 1 0 0 1 0 1 0 1 1 0 0 0 
1 1 0 0 0 0 1 0 1 0 0 1 1 1 1 0 0 0 0 0 
1 1 0 0 0 0 0 0 0 0 0 1 1 1 1 0 1 0 1 0 
1 1 0 1 0 1 0 0 0 1 0 1 1 0 0 0 1 0 1 0 
1 0 0 0 0 0 0 1 0 0 0 1 1 0 0 0 0 0 1 0 
1 0 0 0 1 0 1 0 0 0 1 1 1 0 0 1 0 1 1 1 
1 0 1 0 0 0 1 0 0 0 1 1 0 0 0 1 0 0 0 1 
0 0 1 0 0 0 0 0 1 0 0 1 1 1 0 1 0 0 0 0 
0 0 1 0 0 0 0 0 0 1 0 1 0 0 0 0 1 0 0 0 
0 0 1 0 0 0 0 1 1 1 0 1 0 1 1 0 0 0 0 1 
0 0 0 1 0 0 0 1 0 1 1 1 0 1 1 0 0 0 0 0 
0 1 0 0 0 0 0 0 0 1 1 1 0 0 1 0 0 0 0 0 
0 1 0 0 0 1 0 0 0 0 1 1 0 0 1 0 0 0 0 0 
0 1 0 0 0 0 1 0 0 0 1 1 0 0 0 0 0 0 0 0 
0 1 0 0 0 0 1 0 1 0 1 1 0 0 0 1 0 0 0 0 
1 0 0 0 0 0 0 0 1 0 1 1 0 0 0 0 1 1 0 0 
0 1 0 0 0 0 0 0 0 0 1 1 0 0 0 0 0 1 0 0 
0 1 0 0 0 0 0 0 0 0 1 1 0 1 0 1 0 1 0 0 
0 0 0 1 0 0 0 0 0 1 0 1 0 0 0 1 0 1 0 0 
0 0 0 0 0 0 0 0 0 1 0 1 0 0 0 1 0 1 0 1 
0 0 0 1 0 0 1 0 0 0 1 1 0 1 0 1 0 1 0 1 
1 0 0 0 0 0 1 0 0 0 1 1 0 0 1 1 0 1 0 1 
0 1 0 0 0 1 0 0 0 1 0 1 1 0 1 1 0 1 0 1 
0 0 0 0 0 1 0 1 0 1 0 1 0 0 1 0 1 0 0 1 
0 0 0 0 0 1 0 1 0 0 0 1 0 1 0 0 1 0 0 1 
0 0 0 0 1 1 0 1 0 0 0 1 0 0 0 0 1 0 1 1 
0 0 0 0 1 1 1 1 0 0 0 1 0 0 0 0 1 0 1 1 
1 0 1 0 1 1 1 0 1 0 0 1 0 0 0 1 1 0 1 1 
1 0 1 1 0 1 1 0 0 0 1 1 1 0 0 0 1 0 1 1 
0 1 1 0 0 1 1 0 0 0 1 1 1 0 0 0 1 0 0 1 
0 1 1 0 0 1 0 1 0 0 1 1 1 0 1 0 1 0 0 1 
1 1 0 0 0 1 0 1 0 0 1 1 1 0 0 1 0 0 0 1 
1 1 1 0 0 1 0 0 0 0 1 0 1 0 0 0 0 0 0 1 
0 1 1 0 0 1 0 0 0 0 1 0 1 0 0 1 0 1 0 1 
0 1 0 0 0 1 0 0 1 0 1 1 1 0 0 1 0 1 1 1 
0 1 0 0 0 1 0 1 0 0 1 1 1 0 0 1 0 0 0 0 
0 1 0 1 1 1 1 0 0 0 0 1 0 0 1 1 1 0 1 0 
1 0 0 0 0 1 1 0 0 0 0 1 0 1 1 0 0 1 0 1 
0 0 0 0 0 1 1 0 1 0 0 0 0 1 1 0 0 1 0 1 
1 0 0 0 0 0 1 0 0 0 0 0 0 0 1 1 0 1 0 1 
Row permutation
50 33 32 1 62 2 37 48 45 59 4 41 25 26 47 46 28 56 30 27 34 63 36 39 58 54 20 22 43 0 11 35 60 10 23 13 21 55 49 42 14 29 16 40 17 53 15 57 18 9 61 52 7 12 24 6 5 44 3 38 19 51 31 8 
Total cost: 403360