0 0 1 0 0 0 0 1 0 1 0 0 0 0 0 0 0 1 0 0 
0 0 0 1 0 0 0 1 0 1 1 1 0 1 1 0 0 0 0 0 
0 0 1 1 0 0 0 1 0 1 1 0 0 1 1 0 0 0 1 0 
0 0 1 0 0 0 0 1 1 1 0 1 0 1 1 0 0 0 0 1 
0 0 1 0 0 0 1 0 1 0 1 0 0 1 0 0 0 0 0 0 
0 0 1 0 0 0 1 0 1 0 1 1 0 0 0 1 0 0 0 0 
0 1 0 0 0 0 1 0 1 0 1 1 0 0 0 1 0 0 0 0 
0 1 0 0 0 0 1 0 0 0 1 1 0 0 0 0 0 0 0 0 
0 1 0 0 0 0 0 0 0 1 1 1 0 0 1 0 0 0 0 0 
0 1 0 0 0 1 0 0 0 0 1 1 0 0 1 0 0 0 0 0 
0 1 0 0 0 0 0 0 1 0 0 1 0 0 0 0 0 0 0 0 
1 0 0 0 0 0 0 0 1 0 1 1 0 0 0 0 1 1 0 0 
0 1 0 0 0 0 0 0 0 0 1 1 0 0 0 0 0 1 0 0 
0 1 0 0 0 0 0 0 0 0 1 1 0 1 0 1 0 1 0 0 
0 0 0 0 0 0 0 0 0 1 0 1 0 0 0 1 0 1 0 1 
0 0 0 1 0 0 0 0 0 1 0 1 0 0 0 1 0 1 0 0 
0 0 0 1 0 0 1 0 0 0 1 1 0 1 0 1 0 1 0 1 
1 0 1 0 0 0 1 0 0 0 1 1 0 0 0 1 0 0 0 1 
1 0 0 0 0 0 1 0 0 0 0 0 0 0 1 1 0 1 0 1 
1 0 0 0 0 0 1 0 0 0 1 1 0 0 1 1 0 1 0 1 
1 0 0 0 0 1 1 0 0 0 0 1 0 1 1 0 0 1 0 1 
0 0 0 0 0 1 1 0 1 0 0 0 0 1 1 0 0 1 0 1 
1 0 0 0 1 0 1 0 0 0 1 1 1 0 0 1 0 1 1 1 
0 1 1 0 0 1 1 0 0 0 1 1 1 0 0 0 1 0 0 1 
0 1 1 0 0 1 0 0 0 0 1 0 1 0 0 1 0 1 0 1 
0 1 0 0 0 1 0 0 1 0 1 1 1 0 0 1 0 1 1 1 
0 1 0 0 0 1 0 0 0 1 0 1 1 0 1 1 0 1 0 1 
0 1 1 0 0 1 0 1 0 0 1 1 1 0 1 0 1 0 0 1 
1 1 1 0 0 1 0 0 0 0 1 0 1 0 0 0 0 0 0 1 
1 1 0 0 0 1 0 1 0 0 1 1 1 0 0 1 0 0 0 1 
0 1 0 0 0 1 0 1 0 0 1 1 1 0 0 1 0 0 0 0 
1 0 0 1 0 0 0 0 0 0 0 0 0 0 0 1 1 0 0 1 
1 0 1 1 0 1 1 0 0 0 1 1 1 0 0 0 1 0 1 1 
0 1 0 1 1 1 1 0 0 0 0 1 0 0 1 1 1 0 1 0 
1 1 0 1 0 1 0 0 0 1 0 1 1 0 0 0 1 0 1 0 
1 1 0 0 1 0 0 0 0 1 0 0 1 1 0 1 1 0 1 0 
1 1 0 0 0 0 0 0 0 0 0 1 1 1 1 0 1 0 1 0 
1 1 0 0 0 0 1 0 1 0 0 1 1 1 1 0 0 0 0 0 
1 1 0 0 0 0 0 0 1 0 0 1 0 1 0 1 1 0 0 0 
1 0 0 0 0 0 0 0 1 0 0 0 0 0 0 1 1 0 0 0 
0 0 0 1 0 0 0 0 1 0 0 0 0 1 0 1 1 0 0 1 
1 1 1 0 1 0 0 1 0 0 0 0 1 0 0 0 1 1 1 1 
1 1 1 0 1 0 0 0 1 0 0 0 1 0 0 1 1 0 1 1 
1 0 1 0 1 1 1 0 1 0 0 1 0 0 0 1 1 0 1 1 
0 0 1 0 1 0 1 0 1 0 0 1 1 0 0 1 1 0 1 0 
0 0 1 0 0 0 1 0 0 0 0 0 1 0 0 0 1 0 1 1 
0 0 1 0 0 0 1 0 0 0 0 0 1 0 0 0 1 0 1 0 
1 0 1 0 0 0 0 0 1 1 1 0 1 0 0 0 1 0 1 0 
0 0 1 0 0 0 0 0 1 0 0 1 1 1 0 1 0 0 0 0 
0 0 1 0 0 0 0 0 1 0 0 1 1 0 1 1 1 0 0 0 
0 0 1 0 0 1 0 0 1 1 0 0 1 0 1 1 1 0 0 0 
0 0 1 0 0 0 0 0 0 1 1 1 1 0 1 1 1 1 0 0 
0 0 1 0 0 0 0 0 0 1 0 0 1 0 1 0 0 1 0 0 
0 0 1 0 1 0 0 1 0 1 0 0 1 0 0 1 1 0 0 0 
0 0 1 0 0 0 0 0 0 1 0 1 0 0 0 0 1 0 0 0 
0 0 1 0 0 0 0 1 0 1 0 0 0 0 0 0 0 0 0 0 
1 0 1 0 0 1 0 1 0 1 1 0 0 0 0 0 1 0 0 0 
0 0 0 0 0 1 0 1 0 1 0 1 0 0 1 0 1 0 0 1 
0 0 0 0 0 1 0 1 0 0 0 1 0 1 0 0 1 0 0 1 
0 0 0 0 1 1 0 1 0 0 0 1 0 0 0 0 1 0 1 1 
0 0 0 0 1 1 1 1 0 0 0 1 0 0 0 0 1 0 1 1 
0 0 0 0 1 1 1 0 1 0 0 1 0 0 0 0 1 0 1 0 
1 0 0 0 1 0 0 0 1 0 0 0 0 1 0 0 1 0 0 1 
1 0 0 0 0 0 0 1 0 0 0 1 1 0 0 0 0 0 1 0 
Row permutation
48 23 2 10 32 33 49 55 13 21 50 42 14 29 40 16 17 11 8 53 51 31 0 12 44 3 15 24 5 6 38 63 7 19 22 30 20 54 58 39 36 26 27 52 28 47 46 1 35 41 59 4 45 25 60 37 62 57 18 9 61 56 34 43 
Total cost: 310980