0 1 0 0 1 0 1 0 1 1 1 1 1 1 1 1 1 1 0 1 
0 1 1 1 1 1 1 0 1 1 1 1 1 1 0 1 1 1 1 0 
1 0 1 1 1 1 1 1 0 0 1 1 1 1 1 0 0 1 1 1 
1 1 1 1 1 1 1 0 1 1 1 1 0 1 1 1 0 1 1 1 
1 1 1 0 0 1 0 1 0 1 0 1 0 1 1 1 0 1 1 1 
1 0 0 1 0 1 1 1 1 1 1 0 1 1 1 0 0 0 1 1 
1 1 1 1 1 1 0 1 0 1 1 1 1 1 1 0 0 1 1 0 
1 1 1 1 1 1 0 1 1 1 1 1 1 1 1 1 0 1 0 1 
1 1 0 1 1 1 0 1 1 1 0 0 1 1 1 1 0 1 1 0 
1 1 0 0 1 1 1 1 1 1 0 1 0 0 1 0 0 1 1 0 
0 1 0 1 1 1 1 1 1 1 1 1 0 1 1 0 1 1 1 1 
0 1 1 1 1 1 0 1 1 1 1 1 1 1 1 1 1 1 1 1 
0 1 0 1 1 0 1 1 1 1 1 0 1 1 0 1 1 1 0 1 
0 1 1 1 0 1 1 1 1 1 1 1 1 1 0 1 1 1 0 0 
0 0 1 1 1 1 1 1 1 0 1 0 1 0 1 1 1 1 1 1 
0 1 0 1 1 1 1 1 1 1 1 1 1 1 1 1 1 1 1 1 
0 1 1 1 1 1 0 1 1 0 1 1 1 0 1 1 1 1 1 1 
0 1 1 0 1 0 1 1 1 1 1 0 0 1 1 1 1 1 1 0 
0 1 1 1 0 1 1 1 1 1 0 1 1 1 0 1 1 1 1 0 
0 1 1 1 1 1 0 1 1 1 0 1 0 1 1 1 1 1 1 1 
0 1 0 1 1 0 1 1 1 0 1 1 1 1 0 1 1 1 0 1 
0 0 0 0 1 0 1 1 1 0 1 1 1 1 1 1 1 1 0 1 
1 1 0 1 1 0 1 1 1 1 1 1 1 1 0 1 1 1 1 1 
1 0 1 1 1 0 1 1 1 1 1 1 1 1 0 1 1 1 1 1 
1 0 1 1 1 1 0 1 1 1 0 1 1 1 0 1 1 1 1 1 
1 0 1 1 1 1 1 1 1 1 0 1 0 0 1 1 1 1 1 1 
1 1 1 1 1 0 1 1 1 1 1 1 1 0 1 1 1 1 1 1 
1 1 1 1 0 0 1 1 1 0 1 0 1 1 0 1 1 1 1 1 
1 1 0 1 1 0 1 1 1 1 1 1 0 1 0 1 1 1 1 0 
1 1 1 0 1 1 0 1 1 0 0 1 1 1 0 0 1 0 1 1 
1 1 1 1 1 1 0 1 1 1 1 0 1 1 1 1 1 1 1 1 
1 1 1 1 0 1 1 1 1 1 1 0 0 1 1 1 1 1 1 1 
1 1 1 1 0 1 1 1 1 1 1 1 0 1 1 1 1 0 1 1 
1 1 1 1 0 1 1 1 1 1 0 1 1 1 1 0 1 0 1 1 
1 1 1 1 0 1 1 1 1 0 1 1 1 1 1 0 1 1 1 1 
1 1 1 0 1 1 1 1 1 1 0 1 1 1 1 1 1 1 1 1 
1 1 1 1 1 1 1 0 0 1 1 1 1 1 1 1 1 1 1 1 
1 1 1 1 1 1 1 0 1 0 0 1 1 1 1 1 1 0 1 0 
1 1 1 1 1 1 1 0 1 1 0 1 1 1 0 1 1 0 1 0 
1 1 1 1 1 1 1 0 0 1 1 0 1 1 0 1 1 1 1 0 
1 1 1 1 1 1 1 0 1 1 1 0 0 1 1 1 1 1 1 0 
1 1 1 1 0 1 0 0 1 1 0 0 1 1 1 1 1 1 1 1 
1 0 1 1 0 1 0 0 1 1 0 0 1 1 1 0 0 1 1 1 
1 0 1 1 1 1 0 0 0 1 0 0 1 1 1 0 0 1 0 1 
1 0 1 0 1 1 0 0 1 1 0 1 1 0 1 1 0 1 1 1 
1 0 1 0 1 1 1 0 0 0 1 1 1 0 1 1 1 1 0 1 
1 1 0 1 1 0 1 0 1 1 1 1 1 1 1 1 1 1 1 0 
1 1 1 1 1 0 1 0 0 1 1 1 0 1 1 0 1 1 1 1 
1 1 1 1 1 1 1 0 0 1 1 1 1 1 1 0 1 0 1 1 
1 1 1 1 1 1 1 0 1 1 0 1 1 1 1 0 1 1 1 0 
1 1 1 1 1 1 1 0 1 1 1 1 1 1 1 1 1 1 1 0 
1 1 1 1 1 1 1 0 0 1 0 1 1 1 1 1 1 1 1 1 
1 1 1 1 1 1 1 0 1 1 1 1 1 1 1 0 1 1 1 1 
1 0 0 1 1 1 1 1 1 1 1 1 0 1 0 0 0 1 1 1 
0 1 1 1 1 1 0 1 1 1 1 1 1 1 0 1 0 1 0 1 
0 1 1 1 1 1 0 1 0 1 0 1 0 1 1 1 0 1 0 1 
0 0 0 1 0 1 0 1 1 0 1 0 1 0 1 1 0 0 1 1 
0 0 1 1 1 1 0 1 1 1 1 0 0 1 1 1 0 1 1 1 
0 0 1 1 1 1 0 1 1 1 1 0 0 0 0 1 0 0 1 0 
0 1 1 1 1 1 0 1 1 0 1 0 1 1 1 0 0 1 1 0 
0 0 1 0 1 0 1 1 1 1 0 0 1 1 1 0 0 0 1 1 
0 1 1 1 1 1 1 0 1 1 1 0 1 1 0 1 0 1 1 1 
0 0 1 0 1 1 1 0 1 1 1 0 0 1 1 1 0 0 1 1 
0 1 1 1 1 1 1 0 1 0 1 1 0 0 1 1 0 1 1 1 
Row permutation
22 55 57 46 10 16 5 27 3 42 1 28 25 20 17 21 8 51 32 45 24 23 48 29 36 44 30 50 26 33 12 60 11 2 9 19 39 14 31 49 15 18 35 13 38 54 37 43 40 62 4 34 61 41 58 59 56 7 47 0 63 53 6 52 
Total cost: 476820