0 0 1 0 1 0 1 1 1 1 0 0 1 1 1 0 0 0 1 1 
1 0 1 1 1 1 0 0 0 1 0 0 1 1 1 0 0 1 0 1 
0 0 1 0 1 1 1 0 1 1 1 0 0 1 1 1 0 0 1 1 
0 0 1 1 1 1 0 1 1 1 1 0 0 1 1 1 0 1 1 1 
0 0 1 1 1 1 0 1 1 1 1 0 0 0 0 1 0 0 1 0 
1 1 1 1 0 0 1 1 1 0 1 0 1 1 0 1 1 1 1 1 
0 1 1 1 0 1 1 1 1 1 1 1 1 1 0 1 1 1 0 0 
1 0 1 0 1 1 1 0 0 0 1 1 1 0 1 1 1 1 0 1 
0 0 0 0 1 0 1 1 1 0 1 1 1 1 1 1 1 1 0 1 
0 1 1 1 1 1 0 1 1 1 1 1 1 1 0 1 0 1 0 1 
0 1 0 1 1 0 1 1 1 0 1 1 1 1 0 1 1 1 0 1 
0 1 0 0 1 0 1 0 1 1 1 1 1 1 1 1 1 1 0 1 
0 1 0 1 1 0 1 1 1 1 1 0 1 1 0 1 1 1 0 1 
0 1 0 1 1 1 1 1 1 1 1 1 1 1 1 1 1 1 1 1 
1 1 0 1 1 0 1 1 1 1 1 1 1 1 0 1 1 1 1 1 
1 0 1 1 1 0 1 1 1 1 1 1 1 1 0 1 1 1 1 1 
1 1 1 1 1 0 1 1 1 1 1 1 1 0 1 1 1 1 1 1 
1 0 1 1 1 1 1 1 1 1 0 1 0 0 1 1 1 1 1 1 
1 0 0 1 1 1 1 1 1 1 1 1 0 1 0 0 0 1 1 1 
0 1 0 1 1 1 1 1 1 1 1 1 0 1 1 0 1 1 1 1 
1 1 1 1 1 1 1 0 1 1 1 1 0 1 1 1 0 1 1 1 
0 1 1 1 1 1 1 0 1 0 1 1 0 0 1 1 0 1 1 1 
0 1 1 1 1 1 1 0 1 1 1 0 1 1 0 1 0 1 1 1 
0 1 1 1 1 1 1 0 1 1 1 1 1 1 0 1 1 1 1 0 
1 1 1 1 1 1 1 0 0 1 1 0 1 1 0 1 1 1 1 0 
1 1 0 1 1 0 1 0 1 1 1 1 1 1 1 1 1 1 1 0 
1 1 0 1 1 0 1 1 1 1 1 1 0 1 0 1 1 1 1 0 
1 1 1 1 1 1 1 0 1 1 1 0 0 1 1 1 1 1 1 0 
0 1 1 0 1 0 1 1 1 1 1 0 0 1 1 1 1 1 1 0 
1 1 1 1 1 0 1 0 0 1 1 1 0 1 1 0 1 1 1 1 
1 1 1 1 1 1 1 0 0 1 1 1 1 1 1 1 1 1 1 1 
1 1 1 1 1 1 1 0 1 1 1 1 1 1 1 1 1 1 1 0 
1 1 1 1 1 1 1 0 1 1 1 1 1 1 1 0 1 1 1 1 
1 1 1 1 1 1 1 0 0 1 1 1 1 1 1 0 1 0 1 1 
1 1 1 1 1 1 1 0 0 1 0 1 1 1 1 1 1 1 1 1 
1 1 1 0 1 1 1 1 1 1 0 1 1 1 1 1 1 1 1 1 
1 1 1 1 1 1 1 0 1 1 0 1 1 1 1 0 1 1 1 0 
1 1 1 1 1 1 1 0 1 1 0 1 1 1 0 1 1 0 1 0 
1 1 1 1 1 1 1 0 1 0 0 1 1 1 1 1 1 0 1 0 
1 1 1 1 0 1 1 1 1 1 1 1 0 1 1 1 1 0 1 1 
1 1 1 1 0 1 1 1 1 1 1 0 0 1 1 1 1 1 1 1 
1 1 1 1 0 1 1 1 1 0 1 1 1 1 1 0 1 1 1 1 
1 1 1 1 0 1 1 1 1 1 0 1 1 1 1 0 1 0 1 1 
1 1 1 0 0 1 0 1 0 1 0 1 0 1 1 1 0 1 1 1 
1 1 1 1 1 1 0 1 0 1 1 1 1 1 1 0 0 1 1 0 
0 1 1 1 1 1 0 1 0 1 0 1 0 1 1 1 0 1 0 1 
0 1 1 1 1 1 0 1 1 1 0 1 0 1 1 1 1 1 1 1 
1 1 1 1 1 1 0 1 1 1 1 1 1 1 1 1 0 1 0 1 
0 1 1 1 1 1 0 1 1 1 1 1 1 1 1 1 1 1 1 1 
1 1 1 1 1 1 0 1 1 1 1 0 1 1 1 1 1 1 1 1 
0 1 1 1 1 1 0 1 1 0 1 1 1 0 1 1 1 1 1 1 
0 0 1 1 1 1 1 1 1 0 1 0 1 0 1 1 1 1 1 1 
0 0 0 1 0 1 0 1 1 0 1 0 1 0 1 1 0 0 1 1 
1 0 0 1 0 1 1 1 1 1 1 0 1 1 1 0 0 0 1 1 
1 0 1 1 1 1 1 1 0 0 1 1 1 1 1 0 0 1 1 1 
1 0 1 1 0 1 0 0 1 1 0 0 1 1 1 0 0 1 1 1 
1 1 1 1 0 1 0 0 1 1 0 0 1 1 1 1 1 1 1 1 
0 1 1 1 1 1 0 1 1 0 1 0 1 1 1 0 0 1 1 0 
1 1 0 1 1 1 0 1 1 1 0 0 1 1 1 1 0 1 1 0 
0 1 1 1 0 1 1 1 1 1 0 1 1 1 0 1 1 1 1 0 
1 0 1 1 1 1 0 1 1 1 0 1 1 1 0 1 1 1 1 1 
1 0 1 0 1 1 0 0 1 1 0 1 1 0 1 1 0 1 1 1 
1 1 1 0 1 1 0 1 1 0 0 1 1 1 0 0 1 0 1 1 
1 1 0 0 1 1 1 1 1 1 0 1 0 0 1 0 0 1 1 0 
Row permutation
63 13 6 7 47 50 20 54 23 58 24 22 25 21 48 29 30 44 41 1 46 52 53 55 49 37 26 15 51 43 39 4 61 40 34 19 62 31 14 11 60 9 2 10 5 59 45 27 28 12 8 17 56 16 57 35 18 0 3 32 36 38 33 42 
Total cost: 815540