0 0 1 0 0 0 0 0 1 0 0 0 0 0 1 0 1 0 0 1 1 0 
0 0 0 0 0 0 0 0 0 0 0 0 0 0 0 1 1 0 0 1 0 0 
0 1 1 0 0 0 1 1 0 0 0 0 0 0 0 1 0 0 0 1 0 0 
0 1 0 0 0 1 0 1 0 0 1 0 0 0 0 1 0 0 0 1 1 0 
0 1 0 0 0 1 0 0 0 0 0 0 0 1 1 1 1 0 0 1 1 0 
0 1 0 0 0 0 0 1 0 0 0 1 0 1 0 0 0 0 0 1 1 0 
0 1 1 0 1 0 0 0 0 0 0 1 0 1 0 1 0 0 0 1 1 0 
0 1 0 1 0 0 1 0 1 0 0 1 1 1 0 1 0 0 1 1 1 0 
0 1 0 0 0 0 0 0 0 0 1 0 1 0 0 0 1 0 1 0 1 0 
0 1 0 0 1 0 0 1 0 1 0 0 1 0 1 1 0 0 1 0 1 0 
0 0 0 0 0 1 0 1 0 0 0 1 1 1 0 1 0 0 1 0 1 0 
1 0 1 0 0 0 0 0 0 1 0 0 0 1 0 0 0 0 1 0 1 0 
0 0 1 0 1 0 0 0 0 0 1 1 0 1 1 0 1 0 1 0 0 0 
1 0 1 0 1 0 0 0 1 0 1 1 0 1 1 0 0 0 1 0 0 0 
1 0 0 1 0 0 0 0 0 0 1 0 0 0 1 0 0 0 1 0 0 0 
1 0 0 1 0 0 0 0 1 0 1 0 0 0 1 0 0 0 0 0 0 0 
1 0 1 1 1 0 0 0 1 0 1 0 0 1 0 0 0 0 1 1 0 1 
0 0 1 1 0 0 1 0 1 0 0 0 0 0 0 1 0 1 1 1 0 1 
0 0 0 1 0 0 1 0 1 0 0 0 0 0 0 1 0 0 1 0 0 1 
0 0 0 1 0 1 1 0 0 0 1 0 1 0 0 1 0 1 0 0 1 1 
0 1 1 1 0 0 1 1 0 1 0 1 0 0 0 1 0 0 0 0 1 1 
0 0 0 1 0 1 1 1 0 1 0 1 0 0 1 0 0 1 0 0 0 1 
0 0 0 0 1 0 1 0 0 0 1 1 0 0 0 1 0 0 0 0 0 1 
1 0 0 0 0 0 1 0 0 1 1 1 1 0 1 1 0 0 0 0 0 1 
0 0 0 0 1 0 1 1 0 0 0 0 1 0 1 0 0 0 0 1 0 1 
0 1 0 0 0 0 0 0 0 0 0 0 0 0 1 0 0 0 0 0 0 1 
0 0 0 1 0 0 1 1 0 0 0 0 0 0 1 0 1 0 0 0 0 1 
0 0 0 0 0 0 1 0 0 0 0 0 0 1 1 0 1 1 0 0 0 1 
0 0 0 0 1 0 0 0 1 0 1 0 0 1 1 0 1 1 1 1 0 1 
1 0 0 0 0 0 0 0 1 0 0 0 0 1 0 0 1 0 1 1 0 1 
1 1 0 1 1 0 0 0 1 0 0 0 0 1 0 0 1 1 1 0 0 1 
0 1 0 1 1 0 0 1 1 0 0 1 0 1 0 0 1 1 0 1 0 1 
0 0 0 1 1 0 0 1 0 0 0 0 0 1 0 0 1 1 1 1 0 0 
0 0 0 1 1 0 1 1 0 0 0 1 0 0 0 0 1 1 0 0 1 0 
0 0 0 1 0 0 0 0 0 0 0 1 0 0 0 0 0 1 0 0 1 0 
0 1 0 1 0 1 0 0 1 0 1 0 0 0 0 0 1 1 1 0 1 1 
0 1 0 1 0 1 0 0 0 0 1 0 0 0 0 1 0 1 0 0 1 1 
0 1 0 1 0 0 0 0 0 1 0 0 0 0 0 1 0 1 0 1 0 0 
0 1 0 1 0 1 0 1 1 0 0 1 0 0 1 0 0 0 0 1 0 0 
1 0 0 0 1 1 0 1 0 0 0 1 0 0 0 0 1 0 0 0 0 0 
0 0 1 1 0 0 1 0 0 1 0 1 0 0 0 0 1 0 0 0 0 0 
0 0 0 0 0 0 1 0 0 1 1 1 0 1 0 0 0 0 0 1 0 0 
0 0 0 0 0 0 1 0 0 0 0 0 0 1 0 0 0 0 1 1 0 0 
0 1 0 0 0 0 1 0 1 0 0 0 0 0 0 0 1 0 1 1 1 0 
0 1 0 0 0 1 1 0 0 0 0 0 1 0 0 1 1 0 1 1 0 0 
0 1 0 0 1 1 1 1 0 0 0 1 1 0 0 0 1 0 1 1 0 1 
0 1 1 0 1 0 1 0 0 0 0 1 0 0 0 1 1 0 0 1 0 1 
0 0 1 0 1 1 1 0 1 0 0 1 0 1 0 1 1 1 0 1 0 0 
0 0 0 0 1 0 1 0 1 0 0 1 0 1 1 0 1 0 1 1 1 0 
0 0 0 0 0 0 1 0 0 0 0 1 0 0 1 0 1 0 0 1 1 0 
0 0 0 0 1 0 1 0 0 0 0 1 0 1 0 0 1 0 0 1 0 0 
0 0 0 1 1 0 1 0 0 1 0 1 0 0 0 1 0 0 1 1 0 0 
1 0 0 1 0 1 1 0 0 1 0 1 1 0 1 0 1 0 1 1 0 0 
1 0 0 1 0 1 1 0 1 1 0 0 1 0 1 0 1 0 0 1 0 0 
1 0 0 1 0 0 1 0 0 1 1 0 0 0 0 0 1 0 0 1 0 0 
1 1 0 1 0 0 1 0 0 1 1 0 1 0 1 0 1 1 0 1 1 0 
1 1 0 1 1 0 0 1 0 0 0 0 1 0 0 0 0 0 0 1 0 1 
1 0 0 1 0 0 0 0 0 1 0 1 1 0 0 0 0 0 1 0 0 0 
1 0 1 1 0 0 0 0 0 0 0 0 1 1 0 0 0 0 1 0 0 1 
1 0 0 1 0 1 0 0 1 0 0 1 1 1 0 0 0 0 1 0 0 1 
1 1 0 0 0 1 0 0 0 1 1 1 1 1 1 0 0 0 1 0 0 1 
1 1 0 0 0 1 0 0 0 0 1 1 1 1 0 0 0 0 0 1 0 1 
0 0 0 1 1 1 0 0 0 0 0 1 1 0 0 0 0 1 0 1 0 0 
0 0 1 1 0 1 0 1 0 0 0 0 1 0 0 1 0 1 1 1 0 0 
1 1 0 1 0 1 0 1 0 0 1 0 1 0 0 1 0 1 1 0 1 0 
0 0 0 1 0 0 1 0 0 0 1 0 1 0 0 1 0 1 1 0 1 0 
0 0 1 0 0 0 1 0 1 0 1 0 1 0 0 0 0 0 1 0 1 1 
0 0 1 1 0 0 1 0 0 1 1 0 1 0 1 0 0 0 0 0 1 0 
0 0 0 1 0 0 1 0 0 1 0 0 1 1 1 0 1 0 0 1 0 0 
0 1 0 0 0 1 1 1 0 0 0 0 1 0 0 0 0 1 0 0 0 1 
0 1 0 0 0 0 0 0 0 1 0 1 1 1 0 0 0 1 1 0 0 1 
0 0 0 0 0 0 0 0 0 0 0 1 0 0 0 0 0 0 0 0 1 0 
Row permutation
39 55 32 43 30 58 28 54 13 16 29 31 59 62 45 46 44 20 2 18 6 17 5 27 4 71 3 65 64 40 41 11 35 0 38 69 70 42 56 8 47 24 33 14 34 1 19 63 60 53 57 61 7 9 48 10 68 22 67 23 50 49 36 37 51 15 26 25 12 66 21 52 
Total cost: 508370