0 0 0 0 0 0 0 0 0 0 0 1 0 0 0 0 0 0 0 0 1 0 
0 1 1 0 1 0 0 0 0 0 0 1 0 1 0 1 0 0 0 1 1 0 
0 1 0 0 0 0 0 1 0 0 0 1 0 1 0 0 0 0 0 1 1 0 
0 1 0 0 0 1 0 1 0 0 1 0 0 0 0 1 0 0 0 1 1 0 
0 1 0 0 0 1 0 0 0 0 0 0 0 1 1 1 1 0 0 1 1 0 
0 0 0 0 0 0 1 0 0 0 0 1 0 0 1 0 1 0 0 1 1 0 
0 0 0 1 0 0 0 0 0 0 0 1 0 0 0 0 0 1 0 0 1 0 
0 0 1 0 0 0 0 0 1 0 0 0 0 0 1 0 1 0 0 1 1 0 
0 1 0 1 0 1 0 1 1 0 0 1 0 0 1 0 0 0 0 1 0 0 
0 1 0 1 0 0 0 0 0 1 0 0 0 0 0 1 0 1 0 1 0 0 
0 0 0 0 0 0 0 0 0 0 0 0 0 0 0 1 1 0 0 1 0 0 
0 1 1 0 0 0 1 1 0 0 0 0 0 0 0 1 0 0 0 1 0 0 
0 1 1 0 1 0 1 0 0 0 0 1 0 0 0 1 1 0 0 1 0 1 
0 1 0 0 1 1 1 1 0 0 0 1 1 0 0 0 1 0 1 1 0 1 
0 1 0 0 0 1 1 0 0 0 0 0 1 0 0 1 1 0 1 1 0 0 
0 1 0 0 0 0 1 0 1 0 0 0 0 0 0 0 1 0 1 1 1 0 
0 0 0 1 1 0 1 0 0 1 0 1 0 0 0 1 0 0 1 1 0 0 
0 0 1 1 0 0 1 0 0 1 0 1 0 0 0 0 1 0 0 0 0 0 
1 0 0 1 0 0 1 0 0 1 1 0 0 0 0 0 1 0 0 1 0 0 
0 0 0 0 0 0 1 0 0 1 1 1 0 1 0 0 0 0 0 1 0 0 
0 0 0 0 0 0 1 0 0 0 0 0 0 1 0 0 0 0 1 1 0 0 
0 0 0 0 1 0 1 0 0 0 0 1 0 1 0 0 1 0 0 1 0 0 
0 0 0 0 1 0 1 0 1 0 0 1 0 1 1 0 1 0 1 1 1 0 
0 0 0 1 1 0 1 1 0 0 0 1 0 0 0 0 1 1 0 0 1 0 
0 0 0 1 1 0 0 1 0 0 0 0 0 1 0 0 1 1 1 1 0 0 
0 0 1 0 1 1 1 0 1 0 0 1 0 1 0 1 1 1 0 1 0 0 
0 0 1 1 0 0 1 0 1 0 0 0 0 0 0 1 0 1 1 1 0 1 
0 0 0 0 1 0 0 0 1 0 1 0 0 1 1 0 1 1 1 1 0 1 
0 1 0 1 1 0 0 1 1 0 0 1 0 1 0 0 1 1 0 1 0 1 
1 1 0 1 1 0 0 0 1 0 0 0 0 1 0 0 1 1 1 0 0 1 
1 0 0 0 0 0 0 0 1 0 0 0 0 1 0 0 1 0 1 1 0 1 
1 0 1 0 1 0 0 0 1 0 1 1 0 1 1 0 0 0 1 0 0 0 
1 0 1 1 1 0 0 0 1 0 1 0 0 1 0 0 0 0 1 1 0 1 
0 0 0 0 1 0 1 0 0 0 1 1 0 0 0 1 0 0 0 0 0 1 
0 0 1 0 1 0 0 0 0 0 1 1 0 1 1 0 1 0 1 0 0 0 
1 0 0 0 1 1 0 1 0 0 0 1 0 0 0 0 1 0 0 0 0 0 
0 0 0 1 1 1 0 0 0 0 0 1 1 0 0 0 0 1 0 1 0 0 
0 0 1 1 0 1 0 1 0 0 0 0 1 0 0 1 0 1 1 1 0 0 
0 0 0 0 0 1 0 1 0 0 0 1 1 1 0 1 0 0 1 0 1 0 
0 0 0 1 0 0 1 0 0 0 1 0 1 0 0 1 0 1 1 0 1 0 
1 1 0 1 0 1 0 1 0 0 1 0 1 0 0 1 0 1 1 0 1 0 
0 1 0 0 1 0 0 1 0 1 0 0 1 0 1 1 0 0 1 0 1 0 
0 1 1 1 0 0 1 1 0 1 0 1 0 0 0 1 0 0 0 0 1 1 
0 1 0 1 0 0 1 0 1 0 0 1 1 1 0 1 0 0 1 1 1 0 
0 0 0 1 0 0 1 0 1 0 0 0 0 0 0 1 0 0 1 0 0 1 
0 0 1 0 0 0 1 0 1 0 1 0 1 0 0 0 0 0 1 0 1 1 
1 0 0 1 0 1 0 0 1 0 0 1 1 1 0 0 0 0 1 0 0 1 
1 0 1 1 0 0 0 0 0 0 0 0 1 1 0 0 0 0 1 0 0 1 
1 0 1 0 0 0 0 0 0 1 0 0 0 1 0 0 0 0 1 0 1 0 
0 1 0 0 0 0 0 0 0 1 0 1 1 1 0 0 0 1 1 0 0 1 
1 0 0 1 0 0 0 0 0 1 0 1 1 0 0 0 0 0 1 0 0 0 
1 0 0 1 0 0 0 0 0 0 1 0 0 0 1 0 0 0 1 0 0 0 
1 0 0 1 0 0 0 0 1 0 1 0 0 0 1 0 0 0 0 0 0 0 
1 1 0 1 1 0 0 1 0 0 0 0 1 0 0 0 0 0 0 1 0 1 
1 1 0 0 0 1 0 0 0 0 1 1 1 1 0 0 0 0 0 1 0 1 
1 1 0 0 0 1 0 0 0 1 1 1 1 1 1 0 0 0 1 0 0 1 
1 0 0 0 0 0 1 0 0 1 1 1 1 0 1 1 0 0 0 0 0 1 
0 0 1 1 0 0 1 0 0 1 1 0 1 0 1 0 0 0 0 0 1 0 
1 1 0 1 0 0 1 0 0 1 1 0 1 0 1 0 1 1 0 1 1 0 
0 0 0 1 0 0 1 0 0 1 0 0 1 1 1 0 1 0 0 1 0 0 
1 0 0 1 0 1 1 0 1 1 0 0 1 0 1 0 1 0 0 1 0 0 
1 0 0 1 0 1 1 0 0 1 0 1 1 0 1 0 1 0 1 1 0 0 
0 0 0 1 0 1 1 1 0 1 0 1 0 0 1 0 0 1 0 0 0 1 
0 1 0 0 0 1 1 1 0 0 0 0 1 0 0 0 0 1 0 0 0 1 
0 0 0 0 1 0 1 1 0 0 0 0 1 0 1 0 0 0 0 1 0 1 
0 0 0 1 0 0 1 1 0 0 0 0 0 0 1 0 1 0 0 0 0 1 
0 0 0 0 0 0 1 0 0 0 0 0 0 1 1 0 1 1 0 0 0 1 
0 0 0 1 0 1 1 0 0 0 1 0 1 0 0 1 0 1 0 0 1 1 
0 1 0 1 0 1 0 0 0 0 1 0 0 0 0 1 0 1 0 0 1 1 
0 1 0 1 0 1 0 0 1 0 1 0 0 0 0 0 1 1 1 0 1 1 
0 1 0 0 0 0 0 0 0 0 1 0 1 0 0 0 1 0 1 0 1 0 
0 1 0 0 0 0 0 0 0 0 0 0 0 0 1 0 0 0 0 0 0 1 
Row permutation
52 28 58 43 30 53 38 39 56 42 55 32 19 1 34 14 61 47 48 24 33 57 60 0 35 63 20 64 11 41 40 62 44 5 59 8 36 37 29 15 51 16 6 54 2 26 23 67 31 21 22 45 46 68 49 50 27 25 10 12 9 7 17 66 4 3 65 18 70 69 13 71 
Total cost: 407430