0 1 0 0 1 0 1 0 1 0 1 0 1 1 0 1 1 1 1 1 0 1 
0 1 1 1 1 0 1 0 1 1 1 0 1 0 0 0 1 1 0 1 1 1 
1 1 1 1 1 0 0 0 1 1 1 0 1 0 1 0 1 0 1 1 1 0 
1 1 1 1 0 0 1 1 1 1 1 0 1 1 1 1 0 0 1 1 0 0 
0 1 1 1 0 0 1 1 1 1 1 0 0 0 1 1 0 1 0 1 0 0 
0 1 1 1 1 0 1 1 1 0 1 0 1 1 1 1 1 0 1 1 0 1 
1 1 1 0 1 1 1 0 1 1 1 1 0 1 0 1 1 0 0 1 0 1 
0 1 1 0 1 1 1 0 1 0 1 0 1 0 1 0 1 1 1 1 0 1 
1 0 1 0 1 1 1 0 1 1 1 1 1 0 1 0 1 1 1 0 1 1 
1 0 1 0 1 1 1 1 1 0 1 0 0 1 1 1 0 1 1 1 1 0 
1 0 1 0 1 0 1 1 1 1 1 1 1 1 1 0 0 1 1 0 1 1 
0 0 1 0 1 0 1 1 1 0 1 1 0 1 0 0 1 1 0 0 1 0 
1 1 1 0 1 0 1 1 1 1 1 1 0 1 1 0 1 1 1 0 1 1 
1 1 1 1 0 0 1 0 1 0 1 1 0 1 1 0 1 1 0 0 1 0 
1 1 1 1 0 0 1 1 0 1 1 1 0 1 1 1 1 1 0 1 0 0 
1 1 1 1 0 1 1 0 1 0 1 1 0 1 1 1 1 1 1 1 0 1 
1 0 1 1 0 0 1 0 1 1 0 1 1 1 1 0 1 1 1 1 0 1 
1 1 1 1 0 1 1 0 1 1 1 1 1 1 1 0 1 1 0 0 0 1 
1 0 1 1 0 1 1 1 0 1 1 1 1 1 1 1 1 1 0 1 0 1 
1 0 1 1 1 1 1 1 1 1 1 1 1 1 1 1 0 1 1 1 1 1 
1 0 1 1 1 1 1 1 1 1 1 1 0 1 1 1 0 1 1 0 1 1 
1 0 0 1 0 1 1 1 1 1 1 1 0 1 1 1 1 1 1 0 1 1 
1 0 1 1 0 1 1 1 0 1 1 1 1 1 1 0 1 1 1 0 1 1 
1 1 1 1 0 1 1 1 1 1 1 1 1 1 1 0 0 1 1 0 1 0 
1 1 1 0 0 1 0 1 1 1 1 1 1 1 1 0 1 1 1 1 1 0 
1 1 1 1 0 1 1 1 1 1 1 1 1 0 1 0 1 1 1 1 1 0 
1 1 1 1 0 1 1 1 1 1 1 1 0 0 1 1 1 1 1 1 1 0 
1 1 1 1 0 1 1 1 1 1 1 1 0 0 1 1 1 1 0 1 1 0 
1 1 1 1 0 1 1 1 1 1 1 1 1 0 0 1 1 1 1 1 1 0 
1 1 1 1 0 1 1 1 1 1 1 1 0 0 0 0 1 1 1 1 0 1 
1 1 1 1 0 0 1 1 1 1 1 1 1 0 0 0 1 1 1 1 0 1 
1 1 0 1 1 1 1 1 1 1 1 1 1 1 1 0 1 1 1 1 0 1 
1 1 1 0 1 1 1 1 1 1 1 1 1 1 0 1 1 1 1 0 0 1 
1 1 1 1 1 1 1 1 1 1 1 0 1 1 0 1 1 1 0 1 0 1 
1 1 1 1 1 1 1 0 1 1 1 1 1 1 0 1 1 1 1 1 1 1 
1 1 1 1 1 1 0 1 1 1 1 1 1 1 0 1 1 1 1 1 1 1 
1 1 1 1 1 1 0 1 1 1 0 1 0 1 1 1 1 1 0 1 1 1 
1 1 1 1 0 1 1 1 1 1 0 1 1 1 1 1 1 1 0 0 1 1 
1 1 1 1 0 1 1 1 1 1 1 1 1 1 1 1 1 1 0 0 0 1 
1 1 1 1 0 1 1 1 1 1 1 1 1 1 1 1 1 0 0 1 1 1 
1 1 1 1 1 1 1 1 1 1 1 1 0 1 1 1 1 0 1 1 0 1 
0 1 1 1 1 1 0 1 1 0 1 1 0 1 1 0 1 0 1 1 1 1 
0 1 1 1 1 1 0 1 1 1 1 1 1 1 1 0 1 0 1 1 0 1 
1 1 1 1 1 1 1 1 1 1 0 1 1 1 1 0 1 1 1 1 1 1 
1 1 1 1 1 1 1 1 1 1 1 1 1 1 1 0 1 0 1 0 1 1 
1 1 1 0 1 1 1 1 0 1 1 1 1 1 1 1 1 0 1 0 1 1 
1 1 1 0 1 1 1 1 1 1 1 1 1 1 1 1 1 0 1 0 1 1 
1 1 1 0 1 1 1 1 0 1 1 1 1 0 1 1 1 1 1 0 1 1 
1 1 1 0 1 1 1 1 1 0 1 1 1 0 1 1 1 1 1 1 1 1 
1 1 0 0 1 0 1 1 1 1 1 1 1 1 1 1 1 0 1 1 1 1 
1 1 1 1 1 0 1 1 1 1 1 1 1 1 1 1 1 0 1 1 1 0 
1 1 0 1 1 0 1 1 1 0 1 1 1 1 1 1 1 0 1 1 0 1 
0 1 1 1 1 1 1 1 0 0 1 1 1 1 1 1 1 1 1 0 1 1 
1 1 1 1 1 1 0 1 1 1 1 1 1 0 1 0 1 1 1 0 0 0 
0 1 1 1 1 1 0 1 1 1 1 1 1 0 1 0 1 1 1 0 1 1 
1 0 1 1 1 1 0 1 1 1 1 1 1 1 1 0 1 0 1 0 1 1 
1 0 1 1 1 1 1 1 0 1 1 1 1 1 1 1 0 0 1 1 0 1 
0 1 1 1 1 1 1 1 1 0 1 1 1 1 1 1 0 1 0 0 0 1 
1 1 1 1 1 1 1 1 1 1 1 1 0 1 0 0 0 0 0 1 1 0 
1 1 1 1 1 1 1 1 1 0 1 1 1 0 1 1 0 1 1 1 0 0 
1 1 1 1 1 1 0 1 1 1 1 1 0 1 1 0 0 1 1 1 0 0 
1 1 1 1 1 1 0 1 1 1 1 1 0 0 1 1 1 1 1 1 0 0 
1 1 1 1 1 1 1 1 1 1 1 1 0 0 0 1 1 0 1 0 1 1 
1 1 1 1 1 0 0 1 1 0 1 0 1 1 1 1 1 0 0 1 1 1 
0 1 1 1 1 1 0 1 1 1 0 0 1 1 1 1 1 0 0 1 1 0 
1 0 0 1 1 1 0 1 1 0 1 1 1 0 1 1 1 1 0 0 1 1 
1 1 0 1 1 1 0 1 0 0 1 1 1 1 1 1 1 0 0 0 1 1 
1 1 1 0 1 1 0 1 0 1 0 0 0 1 1 1 0 1 1 0 1 1 
1 0 0 0 1 0 1 1 0 1 0 1 1 0 0 1 1 0 1 0 1 1 
1 0 0 1 1 0 1 1 1 1 1 1 1 0 0 0 1 0 1 0 1 0 
1 0 1 1 1 0 1 1 0 1 1 1 1 0 1 0 0 0 1 1 1 0 
1 0 0 0 1 0 1 0 0 1 1 1 1 1 0 1 1 1 0 1 1 1 
Row permutation
35 31 27 67 46 29 1 26 8 30 20 71 17 57 4 50 59 9 13 53 3 42 66 43 18 41 19 52 5 49 12 24 40 56 58 45 60 32 70 61 39 16 48 65 28 63 22 14 11 68 21 7 47 64 25 54 2 62 15 55 6 33 38 10 51 0 69 44 36 34 23 37 
Total cost: 1002310