1 0 0 0 1 0 1 1 0 1 0 1 1 0 0 1 1 0 1 0 1 1 
1 0 0 1 1 0 1 1 1 1 1 1 1 0 0 0 1 0 1 0 1 0 
1 1 1 1 1 1 1 1 1 1 1 1 0 1 0 0 0 0 0 1 1 0 
1 0 1 1 1 0 1 1 0 1 1 1 1 0 1 0 0 0 1 1 1 0 
1 1 1 0 1 1 0 1 0 1 0 0 0 1 1 1 0 1 1 0 1 1 
1 1 0 1 1 1 0 1 0 0 1 1 1 1 1 1 1 0 0 0 1 1 
1 0 1 1 1 1 0 1 1 1 1 1 1 1 1 0 1 0 1 0 1 1 
1 1 1 1 1 1 0 1 1 1 0 1 0 1 1 1 1 1 0 1 1 1 
1 1 1 1 0 1 1 1 1 1 0 1 1 1 1 1 1 1 0 0 1 1 
1 1 1 1 0 1 1 1 1 1 1 1 1 1 1 1 1 1 0 0 0 1 
1 1 1 1 0 1 1 1 1 1 1 1 0 0 1 1 1 1 0 1 1 0 
1 1 1 0 1 1 1 1 0 1 1 1 1 0 1 1 1 1 1 0 1 1 
1 1 1 1 1 1 1 1 1 0 1 1 1 0 1 1 0 1 1 1 0 0 
1 0 1 0 1 1 1 1 1 0 1 0 0 1 1 1 0 1 1 1 1 0 
1 1 1 1 1 1 1 0 1 1 1 1 1 1 0 1 1 1 1 1 1 1 
1 1 1 1 1 1 0 1 1 1 1 1 1 1 0 1 1 1 1 1 1 1 
1 0 1 1 0 1 1 1 0 1 1 1 1 1 1 1 1 1 0 1 0 1 
1 0 1 1 1 1 1 1 1 1 1 1 0 1 1 1 0 1 1 0 1 1 
1 0 1 1 1 1 1 1 1 1 1 1 1 1 1 1 0 1 1 1 1 1 
1 1 1 0 1 1 1 1 1 0 1 1 1 0 1 1 1 1 1 1 1 1 
1 0 0 1 0 1 1 1 1 1 1 1 0 1 1 1 1 1 1 0 1 1 
1 1 1 1 1 1 0 1 1 1 1 1 0 0 1 1 1 1 1 1 0 0 
1 1 1 0 1 1 1 1 1 1 1 1 1 1 0 1 1 1 1 0 0 1 
1 1 0 1 1 0 1 1 1 0 1 1 1 1 1 1 1 0 1 1 0 1 
0 1 1 1 1 0 1 1 1 0 1 0 1 1 1 1 1 0 1 1 0 1 
1 1 1 1 1 0 0 1 1 0 1 0 1 1 1 1 1 0 0 1 1 1 
0 1 1 1 1 1 0 1 1 1 0 0 1 1 1 1 1 0 0 1 1 0 
1 1 1 0 1 1 1 1 1 1 1 1 1 1 1 1 1 0 1 0 1 1 
1 1 1 0 1 1 1 0 1 1 1 1 0 1 0 1 1 0 0 1 0 1 
1 0 1 1 1 1 1 1 0 1 1 1 1 1 1 1 0 0 1 1 0 1 
1 1 0 0 1 0 1 1 1 1 1 1 1 1 1 1 1 0 1 1 1 1 
1 1 1 1 1 0 1 1 1 1 1 1 1 1 1 1 1 0 1 1 1 0 
1 1 1 1 0 0 1 1 1 1 1 0 1 1 1 1 0 0 1 1 0 0 
1 1 1 1 1 1 1 1 1 1 1 1 0 0 0 1 1 0 1 0 1 1 
1 1 1 1 0 1 1 1 1 1 1 1 1 1 1 1 1 0 0 1 1 1 
1 1 1 1 1 1 1 1 1 1 1 1 0 1 1 1 1 0 1 1 0 1 
0 1 1 1 1 1 0 1 1 0 1 1 0 1 1 0 1 0 1 1 1 1 
0 1 1 1 1 1 0 1 1 1 1 1 1 1 1 0 1 0 1 1 0 1 
1 1 1 1 1 1 1 1 1 1 1 1 1 1 1 0 1 0 1 0 1 1 
1 1 1 1 1 0 0 0 1 1 1 0 1 0 1 0 1 0 1 1 1 0 
1 1 1 1 0 0 1 1 1 1 1 1 1 0 0 0 1 1 1 1 0 1 
1 0 1 1 0 0 1 0 1 1 0 1 1 1 1 0 1 1 1 1 0 1 
1 1 1 1 0 1 1 0 1 1 1 1 1 1 1 0 1 1 0 0 0 1 
1 1 1 1 1 1 0 1 1 1 1 1 0 1 1 0 0 1 1 1 0 0 
0 1 1 1 1 1 0 1 1 1 1 1 1 0 1 0 1 1 1 0 1 1 
1 1 1 1 1 1 0 1 1 1 1 1 1 0 1 0 1 1 1 0 0 0 
1 1 1 0 1 0 1 1 1 1 1 1 0 1 1 0 1 1 1 0 1 1 
1 0 1 0 1 1 1 0 1 1 1 1 1 0 1 0 1 1 1 0 1 1 
1 0 1 0 1 0 1 1 1 1 1 1 1 1 1 0 0 1 1 0 1 1 
1 1 1 1 0 1 1 1 1 1 1 1 1 0 1 0 1 1 1 1 1 0 
1 1 0 1 1 1 1 1 1 1 1 1 1 1 1 0 1 1 1 1 0 1 
1 1 1 1 1 1 1 1 1 1 0 1 1 1 1 0 1 1 1 1 1 1 
1 0 1 1 0 1 1 1 0 1 1 1 1 1 1 0 1 1 1 0 1 1 
1 1 1 1 0 1 1 1 1 1 1 1 1 1 1 0 0 1 1 0 1 0 
1 1 1 0 0 1 0 1 1 1 1 1 1 1 1 0 1 1 1 1 1 0 
1 1 1 1 0 1 1 1 1 1 1 1 0 0 1 1 1 1 1 1 1 0 
1 1 1 1 0 1 1 1 1 1 1 1 1 0 0 1 1 1 1 1 1 0 
1 1 1 1 1 1 1 1 1 1 1 0 1 1 0 1 1 1 0 1 0 1 
1 1 1 1 0 1 1 1 1 1 1 1 0 0 0 0 1 1 1 1 0 1 
1 0 0 1 1 1 0 1 1 0 1 1 1 0 1 1 1 1 0 0 1 1 
1 1 1 0 1 1 1 1 0 1 1 1 1 1 1 1 1 0 1 0 1 1 
0 1 1 1 1 1 1 1 0 0 1 1 1 1 1 1 1 1 1 0 1 1 
0 1 1 1 1 1 1 1 1 0 1 1 1 1 1 1 0 1 0 0 0 1 
1 1 1 1 0 0 1 0 1 0 1 1 0 1 1 0 1 1 0 0 1 0 
1 1 1 1 0 1 1 0 1 0 1 1 0 1 1 1 1 1 1 1 0 1 
0 1 1 0 1 1 1 0 1 0 1 0 1 0 1 0 1 1 1 1 0 1 
0 1 0 0 1 0 1 0 1 0 1 0 1 1 0 1 1 1 1 1 0 1 
1 0 0 0 1 0 1 0 0 1 1 1 1 1 0 1 1 1 0 1 1 1 
0 1 1 1 1 0 1 0 1 1 1 0 1 0 0 0 1 1 0 1 1 1 
0 1 1 1 0 0 1 1 1 1 1 0 0 0 1 1 0 1 0 1 0 0 
1 1 1 1 0 0 1 1 0 1 1 1 0 1 1 1 1 1 0 1 0 0 
0 0 1 0 1 0 1 1 1 0 1 1 0 1 0 0 1 1 0 0 1 0 
Row permutation
36 34 15 23 44 69 54 60 32 70 52 14 55 30 58 45 13 3 53 11 42 33 40 7 29 10 51 22 1 2 68 21 67 38 61 39 16 48 28 27 12 59 9 6 25 64 17 8 20 41 24 65 66 43 18 19 5 56 49 0 63 47 62 57 50 26 35 37 31 46 4 71 
Total cost: 590400