0 0 0 0 0 1 0 0 0 1 0 0 0 0 0 1 0 0 1 1 1 1 0 0 
0 0 1 0 0 1 0 0 0 0 1 0 0 0 0 0 1 0 0 0 1 0 0 0 
0 0 1 0 0 0 1 0 0 0 1 0 0 0 0 0 0 0 0 0 0 1 0 0 
0 0 1 0 0 0 1 0 0 0 1 1 0 0 0 1 0 0 0 0 0 1 0 1 
0 1 1 0 0 0 0 0 0 1 1 1 0 0 1 1 0 0 0 0 0 1 0 0 
0 1 0 0 0 0 0 0 0 1 1 1 0 0 1 0 0 0 1 0 0 1 0 0 
0 1 0 0 0 0 0 0 0 0 1 1 0 0 0 0 0 0 1 0 0 1 0 0 
0 1 0 0 0 0 0 0 0 0 1 0 0 0 0 0 1 0 0 0 1 1 0 0 
0 0 1 0 0 0 1 0 0 1 1 1 0 0 0 1 0 0 0 1 1 1 0 0 
0 1 1 0 1 1 0 0 0 0 1 0 0 0 0 0 1 0 0 1 0 1 0 0 
1 1 1 0 1 1 0 0 0 0 1 0 1 0 0 0 0 0 0 1 0 1 0 0 
0 1 1 0 0 1 0 0 0 0 1 0 1 0 0 1 0 1 0 1 0 1 0 1 
0 1 0 0 0 1 1 0 0 0 1 0 1 0 0 0 1 0 0 1 0 1 0 1 
0 1 0 1 0 1 0 0 0 0 1 1 1 1 0 1 1 0 0 0 1 1 0 1 
0 1 0 1 0 1 0 0 1 0 1 1 1 0 0 1 0 1 0 0 1 1 0 1 
0 1 0 0 0 1 0 1 0 0 1 1 1 0 0 1 0 0 0 1 1 1 0 0 
0 1 0 1 0 1 0 1 0 0 1 1 1 0 0 1 0 0 1 0 1 1 1 0 
0 0 0 1 0 0 1 0 0 1 0 1 1 0 0 0 0 0 1 1 0 1 0 0 
0 1 0 1 0 0 0 0 0 0 1 1 0 0 0 0 1 0 0 0 0 0 0 0 
0 0 1 1 0 0 0 0 0 0 0 1 0 0 0 0 1 0 0 0 0 0 0 0 
0 0 0 1 1 0 0 1 0 1 1 1 0 1 1 0 0 0 0 0 0 0 1 0 
0 0 0 1 0 0 0 1 1 1 1 0 0 1 1 0 0 0 1 0 1 0 1 0 
1 0 0 1 0 1 0 0 1 0 0 1 0 1 0 1 1 0 1 0 1 0 1 0 
1 0 0 1 0 0 0 0 1 0 0 0 0 1 0 1 1 1 0 1 1 0 1 0 
1 0 0 1 0 0 0 0 0 0 0 0 0 1 0 1 1 0 0 1 0 1 0 0 
1 1 0 1 0 0 0 0 1 0 0 1 0 1 0 1 1 0 0 0 0 0 1 1 
1 0 0 1 0 1 0 0 1 0 1 1 0 0 0 0 1 1 0 0 0 0 0 1 
1 0 0 1 0 1 1 0 0 0 0 1 1 0 0 1 1 1 1 1 1 0 0 0 
0 0 1 1 0 1 1 0 0 0 0 1 1 0 0 0 1 0 1 1 0 0 0 0 
0 0 0 1 0 1 0 1 0 0 0 1 0 0 1 0 1 0 0 1 0 0 0 0 
1 0 0 1 0 1 0 0 1 0 0 1 0 1 1 0 0 1 0 1 0 0 0 0 
0 0 0 1 0 1 0 0 0 0 0 1 0 0 1 0 0 1 0 1 0 0 0 0 
0 1 0 0 0 1 0 0 0 1 0 1 1 0 1 1 0 1 0 1 1 1 0 0 
0 0 0 0 1 1 0 1 0 0 0 0 0 0 0 0 1 1 0 1 1 0 0 0 
0 0 0 0 0 1 0 1 0 0 0 1 0 1 0 0 1 0 0 1 0 0 0 1 
0 0 0 0 0 0 0 1 0 1 0 0 0 1 1 0 1 0 1 0 0 1 0 1 
0 0 0 0 1 1 0 1 0 0 0 0 0 0 0 0 1 0 1 1 0 1 0 1 
0 0 0 1 1 1 1 0 0 0 0 1 0 1 0 1 1 0 1 0 0 1 1 1 
0 0 1 0 1 1 1 0 0 0 0 1 0 0 0 0 1 0 1 0 0 1 1 1 
0 0 1 0 1 1 1 0 1 0 0 1 0 0 0 1 1 0 1 1 0 0 1 1 
0 0 0 0 1 1 1 0 1 0 0 1 0 0 0 0 1 0 1 0 0 0 1 1 
1 0 0 0 1 1 1 1 0 0 0 1 0 0 0 0 1 0 1 1 0 0 0 1 
0 1 1 0 1 0 0 1 0 1 0 1 0 0 0 1 1 0 1 1 0 0 0 0 
0 1 0 0 1 0 0 0 0 0 1 1 0 0 0 0 0 1 0 0 0 0 0 0 
0 0 0 0 0 0 1 0 0 0 1 1 0 0 0 1 0 1 0 1 0 0 0 0 
0 0 0 0 0 0 1 0 0 0 1 1 0 0 1 1 0 1 0 1 0 0 0 0 
0 0 0 0 0 0 1 0 0 0 1 1 0 0 1 1 0 1 0 1 0 0 1 0 
0 0 0 0 0 1 1 0 0 0 0 1 0 1 0 1 0 1 0 1 0 1 0 0 
0 0 0 0 0 0 0 0 0 1 0 1 0 0 0 1 0 1 0 0 1 1 0 0 
1 0 1 0 0 0 1 0 0 0 1 1 0 0 0 1 1 1 0 0 1 1 0 1 
1 0 1 0 1 0 1 0 0 0 1 1 0 0 0 1 0 1 0 1 1 0 0 1 
0 1 0 0 1 0 0 0 1 0 0 1 0 0 0 1 0 0 1 0 1 0 1 1 
0 0 1 0 1 0 1 0 0 0 0 1 1 0 0 0 1 0 1 0 0 0 1 1 
1 0 1 0 1 1 1 0 1 0 0 1 0 0 0 0 1 0 1 0 1 0 1 1 
0 0 0 1 0 0 0 0 1 0 0 1 1 1 1 0 0 0 0 0 0 0 1 0 
0 1 0 0 0 0 0 0 1 0 1 1 0 1 0 1 0 0 0 0 0 0 0 0 
0 1 0 1 0 0 0 0 1 0 0 1 0 0 0 0 0 0 0 0 0 0 0 0 
1 1 0 1 0 1 0 0 0 0 0 1 1 0 0 0 0 0 1 0 0 0 0 0 
1 1 0 0 1 0 0 0 0 0 0 1 1 0 1 0 0 1 1 1 0 0 0 0 
1 1 0 0 1 0 0 0 0 0 0 1 1 0 0 0 1 0 1 0 0 0 0 0 
1 1 0 0 0 0 0 0 0 0 0 1 1 0 0 0 1 0 1 0 1 0 0 1 
1 1 1 0 0 1 0 0 0 0 0 1 1 0 0 0 1 0 1 0 0 1 0 0 
1 1 1 0 1 0 0 0 0 0 0 1 1 0 0 0 1 0 1 1 0 1 0 0 
1 0 1 0 1 0 1 0 0 0 0 1 1 0 1 0 1 0 1 0 0 0 0 0 
1 0 1 0 0 0 1 0 0 0 0 1 1 0 0 0 1 0 1 1 1 0 0 0 
0 0 1 0 0 0 1 0 0 1 0 1 1 0 0 0 1 1 1 0 1 0 0 1 
0 0 1 0 1 0 0 0 1 1 1 1 1 0 1 1 1 1 0 0 0 0 0 1 
0 0 1 1 0 1 0 0 1 0 0 1 1 0 1 1 1 0 0 0 0 0 0 1 
0 0 1 0 0 0 0 0 1 0 0 1 1 0 0 1 0 0 0 0 0 0 1 1 
1 0 1 0 0 0 0 0 1 1 1 0 1 0 1 0 1 0 1 0 0 1 0 0 
0 0 1 0 1 0 0 0 0 1 0 0 1 0 1 1 1 0 0 0 0 1 0 1 
0 0 1 1 0 1 0 0 1 1 0 0 1 0 1 1 0 1 0 0 0 1 0 1 
0 0 1 0 1 1 0 0 0 1 0 0 1 0 1 0 0 1 0 0 0 1 0 0 
0 0 1 0 1 0 0 1 0 1 0 0 0 1 0 0 0 1 0 0 0 1 0 0 
0 0 1 0 0 0 0 1 1 1 0 0 0 1 1 0 0 1 0 0 1 1 0 1 
0 0 1 0 0 0 0 1 0 1 0 0 0 1 1 0 0 0 0 1 0 1 0 1 
1 0 1 0 0 0 0 1 0 1 0 0 0 1 0 0 0 0 1 0 0 1 0 0 
1 0 0 0 0 1 0 1 0 0 0 0 1 0 0 0 0 0 1 0 0 0 0 0 
1 0 0 0 0 1 0 1 0 1 0 1 0 0 0 0 1 0 0 1 1 0 0 0 
1 0 0 0 1 0 0 0 0 0 0 0 0 0 0 0 1 0 0 1 0 0 0 0 
Row permutation
43 65 35 36 76 16 17 24 71 27 8 47 15 2 6 9 41 73 58 63 26 5 42 66 39 61 45 69 10 60 54 75 18 68 21 1 12 22 78 55 59 64 77 32 20 56 11 34 19 14 3 0 31 67 57 52 53 25 29 33 23 74 30 49 50 72 7 44 38 4 28 62 48 51 13 79 40 46 70 37 
Total cost: 606390