0 0 1 0 0 0 0 1 0 1 0 0 0 1 1 0 0 0 0 1 0 1 0 1 
0 0 1 0 0 0 0 1 1 1 0 0 0 1 1 0 0 1 0 0 1 1 0 1 
0 0 1 0 1 0 0 1 0 1 0 0 0 1 0 0 0 1 0 0 0 1 0 0 
1 0 1 0 0 0 0 1 0 1 0 0 0 1 0 0 0 0 1 0 0 1 0 0 
0 0 0 0 0 0 0 1 0 1 0 0 0 1 1 0 1 0 1 0 0 1 0 1 
0 0 1 0 1 0 0 0 0 1 0 0 1 0 1 1 1 0 0 0 0 1 0 1 
0 0 1 0 1 1 0 0 0 1 0 0 1 0 1 0 0 1 0 0 0 1 0 0 
1 0 1 0 0 0 0 0 1 1 1 0 1 0 1 0 1 0 1 0 0 1 0 0 
0 0 1 0 0 0 1 0 0 0 1 0 0 0 0 0 0 0 0 0 0 1 0 0 
0 1 0 0 0 0 0 0 0 0 1 0 0 0 0 0 1 0 0 0 1 1 0 0 
0 0 1 0 0 1 0 0 0 0 1 0 0 0 0 0 1 0 0 0 1 0 0 0 
0 1 1 0 0 1 0 0 0 0 1 0 1 0 0 1 0 1 0 1 0 1 0 1 
0 1 0 0 0 1 1 0 0 0 1 0 1 0 0 0 1 0 0 1 0 1 0 1 
0 1 1 0 1 1 0 0 0 0 1 0 0 0 0 0 1 0 0 1 0 1 0 0 
1 1 1 0 1 1 0 0 0 0 1 0 1 0 0 0 0 0 0 1 0 1 0 0 
1 1 1 0 0 1 0 0 0 0 0 1 1 0 0 0 1 0 1 0 0 1 0 0 
1 0 0 0 0 1 0 1 0 0 0 0 1 0 0 0 0 0 1 0 0 0 0 0 
1 1 0 1 0 1 0 0 0 0 0 1 1 0 0 0 0 0 1 0 0 0 0 0 
1 1 0 0 0 0 0 0 0 0 0 1 1 0 0 0 1 0 1 0 1 0 0 1 
1 1 0 0 1 0 0 0 0 0 0 1 1 0 1 0 0 1 1 1 0 0 0 0 
1 0 1 0 1 0 1 0 0 0 0 1 1 0 1 0 1 0 1 0 0 0 0 0 
1 0 1 0 0 0 1 0 0 0 0 1 1 0 0 0 1 0 1 1 1 0 0 0 
1 1 1 0 1 0 0 0 0 0 0 1 1 0 0 0 1 0 1 1 0 1 0 0 
0 1 1 0 1 0 0 1 0 1 0 1 0 0 0 1 1 0 1 1 0 0 0 0 
1 1 0 0 1 0 0 0 0 0 0 1 1 0 0 0 1 0 1 0 0 0 0 0 
1 0 0 0 1 0 0 0 0 0 0 0 0 0 0 0 1 0 0 1 0 0 0 0 
1 0 0 0 1 1 1 1 0 0 0 1 0 0 0 0 1 0 1 1 0 0 0 1 
0 0 0 1 0 0 1 0 0 1 0 1 1 0 0 0 0 0 1 1 0 1 0 0 
0 0 1 1 0 1 1 0 0 0 0 1 1 0 0 0 1 0 1 1 0 0 0 0 
1 0 0 1 0 1 1 0 0 0 0 1 1 0 0 1 1 1 1 1 1 0 0 0 
0 1 0 1 0 1 0 1 0 0 1 1 1 0 0 1 0 0 1 0 1 1 1 0 
0 1 0 0 0 1 0 1 0 0 1 1 1 0 0 1 0 0 0 1 1 1 0 0 
0 1 0 1 0 1 0 0 0 0 1 1 1 1 0 1 1 0 0 0 1 1 0 1 
0 1 0 1 0 1 0 0 1 0 1 1 1 0 0 1 0 1 0 0 1 1 0 1 
0 0 0 0 0 0 0 0 0 1 0 1 0 0 0 1 0 1 0 0 1 1 0 0 
0 1 0 0 0 1 0 0 0 1 0 1 1 0 1 1 0 1 0 1 1 1 0 0 
0 0 0 0 0 1 0 0 0 1 0 0 0 0 0 1 0 0 1 1 1 1 0 0 
0 0 0 0 1 1 0 1 0 0 0 0 0 0 0 0 1 0 1 1 0 1 0 1 
0 0 0 0 1 1 0 1 0 0 0 0 0 0 0 0 1 1 0 1 1 0 0 0 
1 0 0 0 0 1 0 1 0 1 0 1 0 0 0 0 1 0 0 1 1 0 0 0 
0 0 0 1 0 1 0 1 0 0 0 1 0 0 1 0 1 0 0 1 0 0 0 0 
0 0 0 1 0 1 0 0 0 0 0 1 0 0 1 0 0 1 0 1 0 0 0 0 
0 0 1 1 0 0 0 0 0 0 0 1 0 0 0 0 1 0 0 0 0 0 0 0 
0 0 0 0 0 1 0 1 0 0 0 1 0 1 0 0 1 0 0 1 0 0 0 1 
0 0 0 0 0 1 1 0 0 0 0 1 0 1 0 1 0 1 0 1 0 1 0 0 
1 0 0 1 0 0 0 0 0 0 0 0 0 1 0 1 1 0 0 1 0 1 0 0 
1 0 0 1 0 0 0 0 1 0 0 0 0 1 0 1 1 1 0 1 1 0 1 0 
1 0 0 1 0 1 0 0 1 0 0 1 0 1 0 1 1 0 1 0 1 0 1 0 
1 1 0 1 0 0 0 0 1 0 0 1 0 1 0 1 1 0 0 0 0 0 1 1 
0 0 0 1 0 0 0 0 1 0 0 1 1 1 1 0 0 0 0 0 0 0 1 0 
1 0 0 1 0 1 0 0 1 0 0 1 0 1 1 0 0 1 0 1 0 0 0 0 
1 0 0 1 0 1 0 0 1 0 1 1 0 0 0 0 1 1 0 0 0 0 0 1 
0 0 1 0 1 0 0 0 1 1 1 1 1 0 1 1 1 1 0 0 0 0 0 1 
0 0 1 1 0 1 0 0 1 1 0 0 1 0 1 1 0 1 0 0 0 1 0 1 
0 0 1 1 0 1 0 0 1 0 0 1 1 0 1 1 1 0 0 0 0 0 0 1 
0 0 0 1 1 1 1 0 0 0 0 1 0 1 0 1 1 0 1 0 0 1 1 1 
0 0 1 0 1 1 1 0 0 0 0 1 0 0 0 0 1 0 1 0 0 1 1 1 
0 0 0 0 1 1 1 0 1 0 0 1 0 0 0 0 1 0 1 0 0 0 1 1 
0 0 1 0 1 1 1 0 1 0 0 1 0 0 0 1 1 0 1 1 0 0 1 1 
1 0 1 0 1 1 1 0 1 0 0 1 0 0 0 0 1 0 1 0 1 0 1 1 
0 1 0 0 1 0 0 0 1 0 0 1 0 0 0 1 0 0 1 0 1 0 1 1 
0 0 1 0 0 0 0 0 1 0 0 1 1 0 0 1 0 0 0 0 0 0 1 1 
0 0 1 0 1 0 1 0 0 0 0 1 1 0 0 0 1 0 1 0 0 0 1 1 
0 0 1 0 0 0 1 0 0 0 1 1 0 0 0 1 0 0 0 0 0 1 0 1 
1 0 1 0 0 0 1 0 0 0 1 1 0 0 0 1 1 1 0 0 1 1 0 1 
1 0 1 0 1 0 1 0 0 0 1 1 0 0 0 1 0 1 0 1 1 0 0 1 
0 0 1 0 0 0 1 0 0 1 0 1 1 0 0 0 1 1 1 0 1 0 0 1 
0 0 1 0 0 0 1 0 0 1 1 1 0 0 0 1 0 0 0 1 1 1 0 0 
0 0 0 0 0 0 1 0 0 0 1 1 0 0 1 1 0 1 0 1 0 0 1 0 
0 0 0 0 0 0 1 0 0 0 1 1 0 0 1 1 0 1 0 1 0 0 0 0 
0 0 0 0 0 0 1 0 0 0 1 1 0 0 0 1 0 1 0 1 0 0 0 0 
0 1 0 0 1 0 0 0 0 0 1 1 0 0 0 0 0 1 0 0 0 0 0 0 
0 1 0 0 0 0 0 0 1 0 1 1 0 1 0 1 0 0 0 0 0 0 0 0 
0 1 1 0 0 0 0 0 0 1 1 1 0 0 1 1 0 0 0 0 0 1 0 0 
0 1 0 0 0 0 0 0 0 1 1 1 0 0 1 0 0 0 1 0 0 1 0 0 
0 1 0 0 0 0 0 0 0 0 1 1 0 0 0 0 0 0 1 0 0 1 0 0 
0 1 0 1 0 0 0 0 0 0 1 1 0 0 0 0 1 0 0 0 0 0 0 0 
0 1 0 1 0 0 0 0 1 0 0 1 0 0 0 0 0 0 0 0 0 0 0 0 
0 0 0 1 1 0 0 1 0 1 1 1 0 1 1 0 0 0 0 0 0 0 1 0 
0 0 0 1 0 0 0 1 1 1 1 0 0 1 1 0 0 0 1 0 1 0 1 0 
Row permutation
79 13 51 40 1 28 48 4 35 24 65 47 15 27 8 74 46 25 23 29 49 50 30 77 33 37 64 73 10 69 41 9 2 6 19 18 43 12 68 70 60 75 63 21 34 39 66 42 61 57 54 45 7 62 44 22 78 59 55 67 0 38 31 36 14 3 72 71 11 56 20 32 52 76 16 17 58 53 26 5 
Total cost: 466730