0 0 1 1 1 0 1 0 0 1 0 0 0 0 0 0 0 0 0 0 0 0 0 0 
0 0 1 1 1 0 1 0 0 1 0 1 0 0 0 1 0 0 0 1 0 0 0 0 
0 1 1 1 1 1 1 0 0 1 0 1 0 1 1 1 1 1 0 0 1 0 1 0 
1 1 1 1 1 1 1 0 1 0 1 1 0 0 1 1 1 1 0 0 1 0 1 1 
1 1 1 0 1 0 1 0 1 0 1 1 0 1 1 1 1 0 1 1 1 0 0 1 
0 1 1 1 1 1 1 1 1 0 1 1 0 1 1 1 1 0 1 1 1 0 1 1 
1 1 1 0 0 1 1 1 1 0 0 1 0 1 1 0 0 1 1 0 1 0 1 1 
1 1 1 1 0 1 1 1 1 0 0 0 0 1 1 0 0 1 1 1 0 1 1 1 
0 1 1 1 0 1 0 1 1 1 1 0 0 1 1 1 0 1 1 1 1 1 1 1 
1 1 1 1 0 0 1 1 1 0 1 1 1 1 1 0 1 1 1 0 1 1 1 1 
0 1 1 1 1 1 1 0 1 0 1 1 1 1 0 1 0 1 1 0 1 1 0 1 
0 1 1 0 1 0 1 1 1 0 1 0 1 1 0 1 0 1 1 0 1 1 0 1 
0 1 1 1 1 1 1 1 1 0 0 1 1 1 0 0 0 1 1 0 1 1 1 1 
0 1 1 0 1 1 1 1 1 0 0 1 1 1 1 0 0 1 1 0 1 1 0 1 
0 1 1 0 1 1 1 1 1 0 0 1 1 1 1 0 0 1 1 0 1 1 0 1 
1 1 1 0 1 1 1 1 1 0 0 1 1 1 1 0 0 1 1 1 1 1 0 1 
1 1 1 0 1 0 1 1 1 1 0 1 1 1 0 1 1 1 1 1 1 1 1 1 
1 1 1 1 1 0 0 1 1 1 1 1 1 1 0 1 1 1 1 1 0 1 1 0 
1 0 1 1 1 0 0 1 1 1 1 0 1 1 0 1 1 1 1 1 1 1 1 1 
0 1 1 1 1 0 0 1 1 1 1 0 1 1 0 1 1 1 1 1 0 1 1 1 
0 1 1 1 1 0 0 1 1 1 1 0 1 0 0 1 1 1 1 1 0 1 0 1 
0 1 1 1 1 0 1 1 1 1 1 0 1 0 1 1 1 1 1 1 1 1 1 1 
1 1 1 1 1 0 1 0 1 1 1 0 1 1 0 1 1 1 1 1 0 1 1 1 
1 1 1 1 1 0 1 0 1 1 1 1 1 0 1 0 1 0 1 1 1 1 1 1 
0 1 1 1 1 0 1 0 1 1 1 1 1 0 1 1 1 1 1 1 1 1 1 1 
0 1 1 1 1 0 1 1 1 1 1 0 1 0 1 1 1 1 1 0 1 1 0 1 
0 1 1 1 0 0 0 1 1 1 1 0 0 1 1 1 1 1 1 0 1 1 0 1 
0 1 1 1 1 0 0 1 1 1 1 0 1 0 1 1 0 1 1 0 1 1 1 1 
0 1 1 1 0 0 0 1 1 1 1 0 0 1 1 1 1 1 1 1 1 1 1 1 
1 1 1 1 0 0 0 1 1 1 1 0 1 1 1 1 0 1 1 1 1 1 1 1 
1 1 1 1 0 1 0 1 1 1 1 0 1 1 1 1 1 1 1 0 1 1 1 1 
1 1 1 1 0 1 0 1 1 1 1 1 1 1 1 1 1 1 1 1 1 1 1 1 
1 1 0 1 1 1 1 1 1 1 1 1 1 1 1 1 1 0 1 1 1 1 1 1 
1 1 0 1 1 1 1 1 0 1 0 1 0 1 1 0 1 1 1 1 1 1 1 0 
1 0 0 1 1 1 1 1 1 1 1 1 1 1 1 1 1 0 1 1 1 1 0 1 
1 1 0 1 1 1 0 1 0 1 0 0 1 1 1 0 1 0 1 1 1 1 1 0 
1 1 1 1 0 1 1 1 0 1 0 1 1 1 1 0 1 0 1 1 0 1 1 1 
1 0 0 0 0 1 1 1 0 1 0 1 1 1 1 0 1 0 1 1 1 1 1 0 
1 0 0 1 0 1 1 1 0 1 1 1 0 1 1 1 1 0 1 1 1 1 1 0 
1 0 0 1 0 1 1 1 0 1 1 1 0 1 1 1 1 0 1 1 1 0 1 1 
1 0 0 1 0 1 1 1 0 1 1 1 1 1 1 1 1 0 1 1 1 0 1 1 
1 0 0 1 1 1 1 1 0 1 1 1 1 1 1 1 1 0 1 1 1 1 1 1 
1 1 1 1 1 1 1 1 0 1 1 1 1 1 1 1 1 1 1 1 1 1 1 1 
1 1 1 1 1 1 1 1 0 1 1 1 1 1 1 1 1 1 1 1 1 0 1 1 
1 1 1 1 1 1 1 1 0 1 1 1 1 1 1 1 1 1 1 1 1 0 1 1 
1 1 1 1 1 1 1 1 0 1 1 1 1 1 1 1 1 1 1 1 1 0 1 1 
1 0 1 1 1 1 1 1 1 1 1 1 1 1 1 1 1 1 1 1 1 1 1 1 
1 0 1 1 1 1 1 1 1 1 1 1 1 1 1 1 1 1 1 1 1 1 1 1 
1 0 1 1 1 1 1 1 1 1 1 1 1 1 1 1 1 1 1 1 1 1 1 1 
1 0 1 0 1 1 1 1 1 1 1 1 1 1 1 1 1 1 1 1 1 1 1 1 
1 0 1 1 1 1 1 1 1 1 1 1 1 1 1 1 1 0 1 1 1 1 1 1 
1 1 0 0 1 1 1 1 0 1 1 1 1 1 1 1 1 0 1 1 1 1 1 1 
1 1 0 0 1 1 1 1 0 0 1 1 1 1 1 0 1 1 1 1 1 1 1 1 
1 1 0 0 1 1 1 1 0 0 1 1 1 1 1 0 1 1 1 1 1 1 1 1 
1 1 1 0 1 1 1 1 0 0 1 1 1 1 1 0 1 1 1 1 1 0 1 1 
1 1 1 0 1 1 1 1 0 0 1 1 1 1 1 0 0 1 1 1 1 0 1 1 
1 1 0 0 1 1 1 1 0 0 1 1 1 1 1 1 1 1 1 1 1 0 1 1 
1 1 1 1 1 1 1 0 1 1 1 1 1 1 1 1 1 1 1 1 1 0 1 1 
1 1 1 1 1 1 1 0 0 1 1 1 1 1 1 1 1 1 1 1 1 1 1 1 
1 1 1 1 1 1 1 1 0 1 1 1 1 1 1 1 1 1 1 1 1 0 0 1 
1 1 1 1 1 1 1 0 1 1 1 1 1 1 1 1 1 0 1 1 1 1 1 1 
1 0 1 1 1 1 1 0 1 1 1 1 1 1 1 1 0 0 1 1 1 1 1 1 
1 0 1 1 1 1 1 0 0 1 1 1 1 0 1 1 1 1 1 1 1 1 0 1 
1 0 1 1 1 1 1 1 1 1 1 1 1 0 1 1 1 1 1 1 1 1 1 1 
1 0 1 1 1 1 1 1 1 1 1 1 1 0 1 1 1 0 1 1 1 1 1 1 
1 0 1 1 1 1 1 0 0 1 1 1 1 0 1 1 1 1 0 1 1 1 1 1 
1 0 1 1 1 1 1 0 0 1 1 1 1 0 1 1 1 1 0 1 1 0 1 1 
1 0 1 1 1 1 1 0 0 1 1 1 1 0 1 1 1 1 1 1 1 0 1 0 
1 0 1 1 1 1 0 1 1 1 1 1 1 0 1 1 1 1 0 1 0 1 1 1 
1 0 1 1 1 1 0 1 1 1 1 1 1 0 1 1 1 1 0 1 0 1 1 1 
1 0 1 1 1 1 1 0 0 1 0 1 1 0 1 1 1 1 1 1 0 0 1 0 
1 0 1 1 1 1 1 0 0 1 0 1 1 0 0 1 1 1 0 1 0 1 0 0 
1 0 1 1 1 1 1 1 0 1 0 1 1 1 1 0 0 1 1 0 1 0 0 1 
1 0 0 0 0 1 1 0 0 0 0 1 1 1 1 0 0 0 0 1 1 0 1 1 
1 0 0 0 0 1 1 0 1 0 0 1 0 1 1 0 1 0 1 1 1 0 1 0 
1 1 0 1 0 1 0 0 0 0 0 1 0 1 1 0 1 0 1 0 1 0 1 0 
1 1 0 1 0 1 0 0 0 0 0 1 0 1 0 0 0 1 0 1 0 0 0 0 
1 1 0 0 0 1 0 0 1 0 0 0 0 1 1 1 1 0 0 1 0 1 0 0 
1 1 1 1 1 0 1 1 1 1 1 0 1 1 1 1 1 1 0 1 0 1 1 0 
1 1 1 1 1 1 1 1 1 1 0 1 1 1 1 1 1 0 0 0 0 0 0 1 
Row permutation
49 36 11 70 79 72 9 64 61 74 60 62 21 28 58 43 66 59 12 57 30 47 77 73 65 37 38 14 25 52 3 56 17 24 1 68 75 54 40 32 53 31 5 6 10 42 48 50 44 27 16 26 41 33 39 51 35 4 29 0 76 67 22 19 8 20 63 13 46 45 18 34 78 55 2 15 23 69 7 71 
Total cost: 1190340