1 0 0 0 0 1 0 0 0 0 0 0 0 0 0 0 0 1 0 1 0 0 0 0 
0 0 1 0 1 0 0 0 0 1 0 0 0 0 1 0 0 0 1 0 0 0 0 0 
0 0 1 0 1 0 0 0 0 1 0 0 0 1 1 0 0 1 1 0 0 0 0 0 
0 1 0 0 1 0 0 0 0 1 0 0 0 0 1 0 0 1 0 0 0 1 0 0 
0 1 0 0 1 0 0 0 0 1 0 0 0 0 0 0 0 1 0 0 0 1 0 0 
0 1 1 0 1 0 0 0 1 1 0 0 0 0 0 0 0 1 0 1 0 1 0 0 
0 1 0 0 1 0 0 0 0 1 0 0 1 0 0 0 0 1 0 1 0 1 0 0 
1 1 1 0 1 0 0 0 1 1 0 0 1 0 1 0 0 1 0 1 0 1 0 0 
0 1 0 0 1 0 0 0 1 1 0 1 1 0 1 0 0 1 0 0 1 0 0 0 
0 0 1 0 0 0 0 0 1 0 0 1 1 0 0 0 0 1 0 1 0 1 0 1 
0 1 1 1 0 0 0 0 1 0 0 0 1 0 0 0 1 1 0 1 0 1 0 1 
1 0 1 0 0 0 0 0 1 0 0 0 1 0 1 0 0 1 0 1 0 1 0 1 
1 0 1 0 1 0 1 0 1 0 0 0 1 0 0 0 0 1 0 1 0 1 0 1 
1 0 1 0 1 0 0 0 1 0 0 0 1 0 0 0 0 1 0 1 0 1 0 1 
1 0 1 0 1 1 0 0 1 0 0 0 1 0 0 0 0 1 0 1 0 1 0 1 
1 0 1 0 1 1 0 1 1 0 0 0 1 1 0 0 0 1 0 1 0 1 0 1 
0 0 1 1 0 0 0 0 0 0 0 0 0 1 0 0 0 0 0 1 0 0 0 1 
1 0 1 0 0 0 0 0 1 0 0 0 1 0 0 0 0 0 0 1 0 1 0 1 
1 0 1 0 0 0 0 0 1 0 0 0 1 0 0 0 0 0 0 1 0 1 0 1 
1 0 0 0 0 0 0 0 0 0 0 0 1 0 0 0 0 0 0 0 0 0 0 1 
1 1 0 0 0 1 0 0 1 0 0 0 1 0 0 0 0 0 0 1 0 0 0 1 
1 0 0 0 0 0 0 1 0 0 0 0 1 0 0 0 0 0 1 0 0 0 0 1 
1 1 0 0 0 0 0 0 1 1 0 0 1 0 0 0 0 0 1 0 1 0 0 1 
0 1 0 0 1 0 0 0 0 1 0 0 1 0 1 0 0 0 1 0 0 0 0 0 
1 0 1 0 1 0 1 0 1 0 0 1 0 0 1 0 1 0 0 0 1 0 0 1 
0 1 0 0 0 1 0 0 0 0 0 1 1 0 1 0 0 0 0 0 1 0 0 0 
1 1 0 0 0 0 0 0 1 1 0 1 1 0 1 1 0 0 1 0 1 0 0 0 
1 0 1 0 0 0 0 0 1 0 0 1 0 0 1 1 0 0 1 0 1 1 0 0 
0 0 1 0 0 0 0 0 1 0 1 0 1 0 1 1 0 0 1 0 1 1 0 0 
1 0 1 0 0 0 1 0 1 0 0 1 1 0 1 1 0 0 1 0 1 0 0 0 
1 0 1 0 0 0 1 0 1 0 0 1 1 0 1 1 0 0 1 0 1 0 0 0 
0 0 1 0 0 0 1 0 0 0 0 1 0 0 0 1 0 0 1 0 1 0 0 0 
1 0 1 0 0 0 1 0 1 0 0 1 0 0 0 1 1 0 1 0 1 0 0 0 
1 0 1 1 0 0 1 0 1 1 0 1 1 0 0 1 1 0 1 1 1 0 0 0 
1 0 1 0 0 0 1 1 1 1 0 1 0 0 0 1 1 0 0 0 1 0 0 1 
1 0 1 0 0 0 1 0 1 0 0 1 0 0 0 1 1 0 0 0 1 0 0 1 
1 0 1 0 0 0 1 1 1 1 0 1 1 0 0 0 1 0 0 0 1 0 0 1 
0 0 1 0 0 0 1 1 0 1 0 1 0 1 0 1 1 0 0 0 0 0 0 1 
1 0 0 0 0 0 1 1 0 0 0 1 0 1 0 1 1 0 0 0 1 0 0 1 
1 0 1 0 1 0 1 1 0 0 0 1 0 0 0 1 1 0 0 1 0 0 0 1 
1 0 0 1 0 0 1 1 0 0 0 0 0 1 0 0 1 0 0 0 0 0 1 1 
0 0 1 0 0 0 1 1 0 1 0 0 0 0 0 1 1 0 0 0 1 1 0 1 
1 0 0 0 1 0 0 0 1 1 1 0 0 0 0 1 0 0 0 0 1 0 0 0 
0 0 1 0 0 0 0 0 0 1 0 0 0 0 1 0 0 0 0 0 0 0 0 0 
0 1 0 1 0 0 0 0 0 1 0 0 0 1 1 1 0 0 0 1 1 0 0 0 
1 1 0 0 0 0 0 1 0 0 0 0 1 0 1 0 0 0 0 1 0 0 0 0 
1 1 0 0 1 0 1 0 0 0 0 0 0 1 0 0 0 0 0 1 1 1 0 0 
0 1 0 0 1 0 1 0 0 0 0 0 0 0 1 0 1 0 0 1 1 0 0 0 
1 0 0 0 1 0 1 0 0 0 0 0 0 0 0 1 0 0 0 1 1 0 0 0 
1 0 1 0 1 0 1 0 0 0 1 0 1 0 1 0 0 0 0 1 1 1 0 0 
0 1 0 0 1 0 1 0 0 0 0 1 1 1 1 0 0 0 0 1 1 0 0 0 
1 0 1 0 1 0 1 1 0 0 1 1 0 1 1 1 0 0 0 1 1 0 0 0 
1 0 1 1 1 0 1 0 0 0 1 0 0 1 1 0 0 0 1 0 1 0 0 0 
0 0 1 0 1 0 1 0 0 0 1 0 0 1 0 0 1 0 1 1 1 0 1 0 
1 0 1 0 0 1 0 0 0 0 1 0 0 0 1 0 0 0 0 1 0 0 1 0 
0 0 1 1 0 0 0 0 0 0 0 0 0 0 1 0 1 0 0 0 0 0 1 0 
1 0 1 1 0 1 1 0 0 0 1 1 0 0 1 0 1 0 0 1 0 0 1 0 
0 0 1 1 0 1 0 0 0 0 1 1 0 0 1 0 1 0 0 1 0 0 1 0 
1 1 1 1 0 1 0 0 0 0 1 0 0 0 1 0 1 0 0 1 0 0 1 0 
1 0 1 1 0 1 1 0 0 0 1 0 1 0 1 0 1 0 0 1 0 0 1 0 
1 0 0 1 0 1 1 0 0 0 1 0 0 0 1 0 0 1 0 0 0 0 1 0 
1 0 1 1 0 1 0 1 0 0 1 0 0 0 1 0 1 1 0 0 0 0 1 0 
1 0 1 1 0 1 0 1 0 0 1 0 0 0 1 0 1 0 0 0 0 0 1 1 
1 0 1 1 0 1 0 0 0 1 1 0 0 1 1 0 1 0 0 0 0 0 1 0 
0 0 1 1 0 1 0 0 0 1 0 1 0 0 1 1 1 0 0 0 0 0 1 0 
0 0 0 0 0 1 0 0 0 0 0 0 0 0 0 1 0 0 0 0 1 0 1 0 
0 1 0 0 1 1 0 0 0 0 1 0 0 1 1 1 1 0 0 0 1 0 0 0 
0 1 0 0 1 1 0 0 0 0 1 0 1 1 0 1 1 0 0 0 1 0 0 0 
0 1 0 0 1 1 1 0 0 0 0 0 1 1 1 0 1 0 0 0 1 0 0 0 
0 1 0 0 0 1 1 0 0 0 0 0 1 1 1 0 1 0 0 0 1 0 0 0 
0 1 0 1 0 1 0 0 0 0 0 1 1 1 1 0 1 0 1 0 1 0 1 0 
0 1 0 1 0 1 0 1 1 0 0 1 1 1 1 1 1 0 0 0 1 0 1 0 
0 1 0 1 0 0 0 1 0 1 0 1 1 1 0 1 1 0 0 0 1 0 1 1 
0 1 0 1 0 1 0 0 0 1 0 1 1 1 1 1 1 0 0 0 0 1 1 0 
0 1 0 1 0 1 0 1 0 0 0 1 1 1 1 1 1 0 0 0 0 1 1 1 
0 0 0 1 0 1 0 1 0 0 0 1 0 1 0 1 1 0 0 0 0 1 1 0 
0 0 0 1 0 1 0 1 0 0 0 0 1 0 0 1 1 0 1 0 0 1 1 0 
0 0 1 1 0 1 0 0 0 0 0 1 0 1 0 1 1 0 0 0 0 0 1 0 
0 0 0 1 0 0 0 1 0 1 0 1 1 1 0 1 0 0 0 0 0 0 1 1 
0 0 1 1 0 0 1 1 0 1 0 1 0 1 0 0 1 0 0 0 0 0 1 1 
0 0 0 1 0 0 0 1 0 1 0 0 0 1 0 0 1 0 0 0 0 0 1 1 
0 0 0 0 0 1 0 1 0 1 0 0 0 1 0 0 0 0 0 0 0 0 1 1 
0 0 0 1 0 1 0 0 0 0 0 0 1 0 0 0 1 0 0 0 0 0 0 0 
0 0 0 1 0 1 0 0 0 0 0 0 0 0 0 0 1 0 0 0 0 0 1 0 
0 0 0 1 0 1 0 1 0 0 0 0 0 0 0 0 1 0 0 0 0 0 1 0 
0 0 0 1 0 1 0 1 0 0 0 0 0 0 0 0 0 0 0 0 0 0 0 0 
0 0 1 1 0 1 0 0 0 0 0 0 0 0 0 0 0 0 0 0 0 0 0 0 
0 1 0 0 1 1 0 0 0 1 0 0 0 0 0 0 0 1 1 0 0 0 0 0 
Row permutation
68 7 8 65 20 46 21 85 66 43 2 87 11 0 67 58 27 14 53 23 69 62 48 76 41 32 80 33 31 56 51 28 10 18 84 73 75 72 22 44 13 71 40 6 39 38 45 24 17 3 54 59 15 30 34 9 79 42 70 50 16 61 82 64 25 78 4 47 52 63 55 57 74 83 60 5 37 26 49 86 36 35 1 81 19 12 77 29 
Total cost: 473710