1 0 0 0 0 1 0 0 0 0 0 0 0 0 0 0 0 1 0 1 0 0 0 0 
0 1 0 0 0 1 0 0 0 0 0 1 1 0 1 0 0 0 0 0 1 0 0 0 
1 1 0 0 0 0 0 1 0 0 0 0 1 0 1 0 0 0 0 1 0 0 0 0 
1 1 0 0 0 1 0 0 1 0 0 0 1 0 0 0 0 0 0 1 0 0 0 1 
1 0 0 0 0 0 0 0 0 0 0 0 1 0 0 0 0 0 0 0 0 0 0 1 
1 0 0 0 0 0 0 1 0 0 0 0 1 0 0 0 0 0 1 0 0 0 0 1 
1 0 1 0 1 1 0 1 1 0 0 0 1 1 0 0 0 1 0 1 0 1 0 1 
1 0 1 0 1 1 0 0 1 0 0 0 1 0 0 0 0 1 0 1 0 1 0 1 
1 0 1 0 1 0 0 0 1 0 0 0 1 0 0 0 0 1 0 1 0 1 0 1 
1 0 1 0 1 0 1 0 1 0 0 0 1 0 0 0 0 1 0 1 0 1 0 1 
0 0 1 0 0 0 0 0 1 0 0 1 1 0 0 0 0 1 0 1 0 1 0 1 
0 1 1 1 0 0 0 0 1 0 0 0 1 0 0 0 1 1 0 1 0 1 0 1 
1 0 1 0 0 0 0 0 1 0 0 0 1 0 0 0 0 0 0 1 0 1 0 1 
1 0 1 0 0 0 0 0 1 0 0 0 1 0 0 0 0 0 0 1 0 1 0 1 
1 1 0 0 0 0 0 0 1 1 0 0 1 0 0 0 0 0 1 0 1 0 0 1 
1 1 0 0 0 0 0 0 1 1 0 1 1 0 1 1 0 0 1 0 1 0 0 0 
0 0 1 0 0 0 0 0 1 0 1 0 1 0 1 1 0 0 1 0 1 1 0 0 
1 0 1 0 0 0 0 0 1 0 0 1 0 0 1 1 0 0 1 0 1 1 0 0 
1 0 1 0 0 0 1 0 1 0 0 1 1 0 1 1 0 0 1 0 1 0 0 0 
1 0 1 0 0 0 1 0 1 0 0 1 1 0 1 1 0 0 1 0 1 0 0 0 
1 0 1 0 0 0 1 0 1 0 0 1 0 0 0 1 1 0 1 0 1 0 0 0 
1 0 1 1 0 0 1 0 1 1 0 1 1 0 0 1 1 0 1 1 1 0 0 0 
1 0 1 0 1 0 1 1 0 0 0 1 0 0 0 1 1 0 0 1 0 0 0 1 
1 0 1 0 0 0 1 1 1 1 0 1 0 0 0 1 1 0 0 0 1 0 0 1 
1 0 1 0 0 0 1 1 1 1 0 1 1 0 0 0 1 0 0 0 1 0 0 1 
0 0 1 0 0 0 1 1 0 1 0 1 0 1 0 1 1 0 0 0 0 0 0 1 
1 0 1 0 0 0 1 0 1 0 0 1 0 0 0 1 1 0 0 0 1 0 0 1 
1 0 1 0 1 0 1 0 1 0 0 1 0 0 1 0 1 0 0 0 1 0 0 1 
0 0 1 0 0 0 1 0 0 0 0 1 0 0 0 1 0 0 1 0 1 0 0 0 
0 0 1 0 0 0 1 1 0 1 0 0 0 0 0 1 1 0 0 0 1 1 0 1 
0 0 1 0 1 0 1 0 0 0 1 0 0 1 0 0 1 0 1 1 1 0 1 0 
1 0 1 0 1 0 1 1 0 0 1 1 0 1 1 1 0 0 0 1 1 0 0 0 
1 0 1 1 1 0 1 0 0 0 1 0 0 1 1 0 0 0 1 0 1 0 0 0 
1 0 1 0 1 0 1 0 0 0 1 0 1 0 1 0 0 0 0 1 1 1 0 0 
1 0 1 0 0 0 0 0 1 0 0 0 1 0 1 0 0 1 0 1 0 1 0 1 
0 0 1 0 0 0 0 0 0 1 0 0 0 0 1 0 0 0 0 0 0 0 0 0 
0 0 1 1 0 0 0 0 0 0 0 0 0 0 1 0 1 0 0 0 0 0 1 0 
1 0 1 0 0 1 0 0 0 0 1 0 0 0 1 0 0 0 0 1 0 0 1 0 
1 0 0 1 0 1 1 0 0 0 1 0 0 0 1 0 0 1 0 0 0 0 1 0 
1 0 1 1 0 1 0 1 0 0 1 0 0 0 1 0 1 1 0 0 0 0 1 0 
1 0 1 1 0 1 0 1 0 0 1 0 0 0 1 0 1 0 0 0 0 0 1 1 
1 0 1 1 0 1 0 0 0 1 1 0 0 1 1 0 1 0 0 0 0 0 1 0 
1 1 1 1 0 1 0 0 0 0 1 0 0 0 1 0 1 0 0 1 0 0 1 0 
1 0 1 1 0 1 1 0 0 0 1 0 1 0 1 0 1 0 0 1 0 0 1 0 
1 0 1 1 0 1 1 0 0 0 1 1 0 0 1 0 1 0 0 1 0 0 1 0 
0 0 1 1 0 1 0 0 0 0 1 1 0 0 1 0 1 0 0 1 0 0 1 0 
0 0 1 1 0 1 0 0 0 1 0 1 0 0 1 1 1 0 0 0 0 0 1 0 
0 0 1 1 0 1 0 0 0 0 0 1 0 1 0 1 1 0 0 0 0 0 1 0 
0 0 0 1 0 1 0 1 0 0 0 1 0 1 0 1 1 0 0 0 0 1 1 0 
0 0 0 1 0 1 0 1 0 0 0 0 1 0 0 1 1 0 1 0 0 1 1 0 
0 0 0 1 0 1 0 0 0 0 0 0 0 0 0 0 1 0 0 0 0 0 1 0 
0 0 0 1 0 1 0 1 0 0 0 0 0 0 0 0 1 0 0 0 0 0 1 0 
0 0 0 1 0 1 0 0 0 0 0 0 1 0 0 0 1 0 0 0 0 0 0 0 
1 0 0 1 0 0 1 1 0 0 0 0 0 1 0 0 1 0 0 0 0 0 1 1 
1 0 0 0 0 0 1 1 0 0 0 1 0 1 0 1 1 0 0 0 1 0 0 1 
0 0 1 1 0 0 1 1 0 1 0 1 0 1 0 0 1 0 0 0 0 0 1 1 
0 0 0 1 0 0 0 1 0 1 0 0 0 1 0 0 1 0 0 0 0 0 1 1 
0 0 0 1 0 0 0 1 0 1 0 1 1 1 0 1 0 0 0 0 0 0 1 1 
0 1 0 1 0 0 0 1 0 1 0 1 1 1 0 1 1 0 0 0 1 0 1 1 
0 1 0 1 0 1 0 1 1 0 0 1 1 1 1 1 1 0 0 0 1 0 1 0 
0 1 0 1 0 1 0 1 0 0 0 1 1 1 1 1 1 0 0 0 0 1 1 1 
0 1 0 1 0 1 0 0 0 1 0 1 1 1 1 1 1 0 0 0 0 1 1 0 
0 1 0 1 0 1 0 0 0 0 0 1 1 1 1 0 1 0 1 0 1 0 1 0 
0 1 0 0 0 1 1 0 0 0 0 0 1 1 1 0 1 0 0 0 1 0 0 0 
0 1 0 0 1 1 0 0 0 0 1 0 1 1 0 1 1 0 0 0 1 0 0 0 
0 1 0 0 1 1 0 0 0 0 1 0 0 1 1 1 1 0 0 0 1 0 0 0 
0 1 0 0 1 1 1 0 0 0 0 0 1 1 1 0 1 0 0 0 1 0 0 0 
1 1 0 0 1 0 1 0 0 0 0 0 0 1 0 0 0 0 0 1 1 1 0 0 
0 1 0 0 1 0 1 0 0 0 0 1 1 1 1 0 0 0 0 1 1 0 0 0 
0 1 0 0 1 0 1 0 0 0 0 0 0 0 1 0 1 0 0 1 1 0 0 0 
0 1 0 0 1 0 0 0 0 1 0 0 1 0 0 0 0 1 0 1 0 1 0 0 
0 1 0 0 1 0 0 0 0 1 0 0 0 0 0 0 0 1 0 0 0 1 0 0 
0 1 1 0 1 0 0 0 1 1 0 0 0 0 0 0 0 1 0 1 0 1 0 0 
1 1 1 0 1 0 0 0 1 1 0 0 1 0 1 0 0 1 0 1 0 1 0 0 
0 1 0 0 1 0 0 0 1 1 0 1 1 0 1 0 0 1 0 0 1 0 0 0 
0 1 0 0 1 0 0 0 0 1 0 0 0 0 1 0 0 1 0 0 0 1 0 0 
0 0 1 0 1 0 0 0 0 1 0 0 0 1 1 0 0 1 1 0 0 0 0 0 
0 1 0 0 1 1 0 0 0 1 0 0 0 0 0 0 0 1 1 0 0 0 0 0 
0 1 0 0 1 0 0 0 0 1 0 0 1 0 1 0 0 0 1 0 0 0 0 0 
0 0 1 0 1 0 0 0 0 1 0 0 0 0 1 0 0 0 1 0 0 0 0 0 
0 0 1 1 0 0 0 0 0 0 0 0 0 1 0 0 0 0 0 1 0 0 0 1 
0 1 0 1 0 0 0 0 0 1 0 0 0 1 1 1 0 0 0 1 1 0 0 0 
1 0 0 0 1 0 0 0 1 1 1 0 0 0 0 1 0 0 0 0 1 0 0 0 
1 0 0 0 1 0 1 0 0 0 0 0 0 0 0 1 0 0 0 1 1 0 0 0 
0 0 0 0 0 1 0 0 0 0 0 0 0 0 0 1 0 0 0 0 1 0 1 0 
0 0 0 0 0 1 0 1 0 1 0 0 0 1 0 0 0 0 0 0 0 0 1 1 
0 0 0 1 0 1 0 1 0 0 0 0 0 0 0 0 0 0 0 0 0 0 0 0 
0 0 1 1 0 1 0 0 0 0 0 0 0 0 0 0 0 0 0 0 0 0 0 0 
Row permutation
68 32 38 69 23 62 58 67 0 11 43 2 53 14 48 80 31 33 56 51 10 18 44 84 75 72 73 41 28 71 30 59 15 3 87 6 9 34 16 61 82 64 70 50 79 42 25 26 5 37 81 19 1 13 22 86 36 49 74 57 60 83 55 63 47 4 52 45 54 24 21 20 46 85 66 65 8 29 76 7 27 39 40 17 78 35 12 77 
Total cost: 643270