1 1 1 1 1 1 0 1 1 0 0 1 1 0 1 1 1 1 1 1 1 1 0 1 1 0 
1 1 1 1 0 1 0 1 1 0 0 1 1 1 1 1 1 1 0 1 1 0 0 1 0 1 
1 1 1 1 0 1 1 1 1 0 1 1 1 1 1 0 1 1 0 1 0 0 1 1 0 1 
1 1 1 1 1 1 1 1 1 0 0 1 1 1 1 0 1 1 1 1 1 1 1 1 0 1 
1 1 1 1 1 0 1 1 1 1 0 1 1 1 0 0 1 1 1 1 1 1 1 1 1 1 
1 0 1 1 1 0 1 1 1 1 0 1 1 1 1 1 1 1 1 1 1 1 1 1 0 0 
1 1 1 1 1 0 1 1 0 1 1 1 1 1 1 1 0 1 0 1 1 1 1 1 0 0 
1 1 1 1 1 1 1 1 0 1 1 1 1 1 1 1 1 1 0 1 1 0 1 1 1 0 
1 1 0 0 0 1 1 0 0 1 1 0 1 1 1 1 1 1 1 1 1 1 1 1 1 0 
0 1 0 1 1 1 1 0 1 0 0 1 1 1 1 1 1 1 0 1 1 1 1 1 1 0 
1 1 0 0 0 1 1 0 1 1 1 0 1 1 1 1 1 1 0 1 1 0 0 1 1 1 
1 1 0 0 1 0 1 0 1 1 1 1 1 1 1 1 1 1 0 1 1 0 1 1 0 0 
0 1 1 1 1 1 1 1 1 1 1 1 1 1 1 1 1 1 0 1 1 0 1 1 1 1 
0 1 1 1 1 0 1 1 1 1 1 1 1 1 1 1 1 0 1 1 0 1 1 1 1 1 
0 1 0 1 1 1 1 0 1 1 1 1 1 1 1 0 1 0 1 1 1 1 1 1 0 0 
0 1 0 1 1 1 1 0 1 1 1 1 1 1 1 0 1 0 1 1 1 1 1 1 1 1 
0 1 0 1 1 0 1 1 1 1 0 1 1 1 1 1 1 1 1 0 1 1 1 1 0 0 
1 1 1 1 1 0 1 1 0 1 1 0 0 0 1 1 1 1 1 0 1 1 1 1 0 0 
1 1 1 1 1 0 1 1 0 1 1 1 0 0 1 1 1 1 1 1 1 1 1 1 1 0 
1 1 1 1 1 1 0 1 0 1 1 1 1 0 1 1 1 1 1 1 1 1 0 1 1 1 
1 1 1 1 1 0 1 1 0 1 1 1 1 0 1 1 1 1 1 1 1 1 1 1 0 0 
0 1 1 1 1 0 1 1 1 1 1 1 1 0 1 1 1 1 1 1 1 1 0 1 0 0 
1 0 1 1 1 1 1 1 1 1 1 1 1 1 1 1 1 1 1 1 1 1 0 0 0 0 
1 0 1 1 1 1 1 1 1 1 1 1 0 1 1 1 1 1 1 0 1 1 0 0 0 1 
1 1 1 1 1 1 1 1 1 1 1 1 0 1 1 1 0 1 1 0 1 1 0 1 0 0 
1 1 0 1 1 1 1 1 1 1 1 1 0 1 1 1 1 1 1 0 1 1 1 0 0 1 
1 1 0 1 1 1 1 1 1 1 1 1 1 1 1 1 1 1 1 1 1 1 0 1 0 1 
1 1 0 1 1 1 1 1 1 1 1 1 1 1 1 1 1 1 1 0 1 1 1 1 0 0 
1 1 0 0 1 1 1 1 1 1 1 1 1 0 1 1 1 1 1 0 1 0 1 1 0 0 
1 1 0 1 1 1 1 1 1 1 1 1 1 0 1 1 1 1 1 1 1 1 1 1 0 1 
1 1 0 1 1 1 1 1 1 1 1 1 1 0 1 1 1 1 1 1 1 1 1 1 0 1 
1 1 1 0 1 1 1 1 1 1 1 1 1 0 1 1 1 1 1 1 1 1 1 1 1 0 
1 1 1 0 1 1 1 1 1 1 1 1 1 0 1 1 1 1 1 1 1 1 1 1 0 1 
1 0 1 1 1 1 1 1 1 1 1 1 1 1 1 1 1 0 1 1 1 1 1 1 0 1 
1 1 1 1 1 1 1 1 1 1 1 1 0 1 1 1 1 1 1 1 1 1 1 1 0 1 
1 1 1 1 1 0 1 1 1 1 0 1 1 1 1 1 1 1 1 1 1 1 1 1 0 1 
1 1 1 1 1 1 1 1 1 1 1 1 0 1 1 1 1 1 1 1 1 1 1 1 0 0 
1 0 1 1 1 1 1 1 1 1 1 1 0 1 1 1 1 1 1 1 1 1 1 1 0 0 
1 1 1 1 1 1 1 1 1 1 1 1 1 1 1 0 1 1 1 1 0 1 1 1 0 0 
0 1 1 1 1 1 1 1 1 1 1 1 1 1 0 0 1 1 1 1 1 1 1 1 0 0 
1 1 1 1 1 1 1 1 1 1 1 1 1 1 0 0 1 0 1 1 0 1 1 1 0 1 
1 1 1 1 0 1 1 1 1 1 1 1 1 1 0 0 1 0 1 1 0 1 1 1 1 0 
1 1 1 1 0 1 0 0 1 0 1 1 1 1 1 0 1 0 1 1 1 1 1 1 0 1 
1 1 1 1 0 1 0 1 1 0 1 1 1 1 1 1 1 1 1 1 1 1 1 1 0 1 
1 1 1 1 0 1 0 1 1 0 1 1 1 1 1 1 1 1 1 1 1 1 1 1 0 0 
1 1 1 1 0 1 1 1 1 1 1 1 1 1 0 1 1 1 0 1 1 0 1 1 0 0 
1 1 1 1 0 1 1 1 1 1 1 1 1 1 0 1 1 1 0 1 1 0 1 1 0 0 
1 1 0 1 0 1 0 1 1 0 1 1 1 1 1 0 1 1 0 1 1 0 1 1 0 0 
1 1 1 1 0 1 0 0 1 0 1 1 1 1 1 1 1 1 0 1 1 0 1 1 0 0 
1 1 1 0 0 1 1 0 1 1 1 1 1 0 1 1 1 1 1 1 1 1 1 1 0 0 
1 1 1 1 0 1 1 1 1 1 1 1 1 0 1 1 1 0 1 1 1 0 1 1 0 0 
1 1 0 1 1 1 1 0 1 1 1 1 1 1 0 1 1 1 0 1 0 1 1 1 1 0 
0 1 0 0 1 1 1 0 1 1 1 1 1 1 0 1 1 1 1 1 1 1 1 1 1 0 
1 1 0 1 0 1 1 0 1 1 1 1 1 0 1 1 1 1 0 1 1 0 1 1 1 1 
1 1 1 0 0 1 1 0 1 1 1 0 0 0 1 1 1 1 1 1 1 1 1 1 1 1 
1 1 1 1 1 1 1 0 1 1 1 1 1 0 1 1 1 1 1 1 1 1 1 1 1 1 
1 1 1 1 0 1 1 0 1 1 1 1 1 1 1 1 1 1 1 1 1 1 1 1 1 1 
1 1 1 0 0 1 1 0 1 1 1 1 1 1 0 1 1 1 1 1 1 1 1 1 1 0 
1 1 0 0 1 1 1 1 1 1 1 1 1 1 1 0 1 1 1 1 1 1 1 1 1 0 
1 1 0 1 0 1 1 0 1 1 1 0 0 1 1 1 0 1 1 1 1 1 0 1 0 1 
1 0 1 1 1 1 1 1 1 1 1 1 1 1 1 1 1 0 1 1 1 1 0 1 1 0 
1 1 1 1 1 1 1 1 1 1 1 1 1 1 1 1 0 1 1 0 1 1 0 0 0 0 
1 1 1 1 1 1 1 1 1 1 0 1 1 1 0 1 0 1 1 0 1 1 0 1 1 0 
1 1 1 0 1 1 1 1 0 1 1 1 0 1 0 1 1 1 0 0 0 1 1 1 1 0 
1 0 1 0 1 1 1 1 1 1 1 1 1 0 0 1 1 0 0 0 1 1 1 0 0 0 
0 1 1 1 1 1 1 1 1 1 1 1 1 0 0 1 0 0 1 1 1 1 0 0 0 1 
1 1 1 0 1 1 1 1 1 1 1 1 0 0 0 0 0 1 1 0 1 1 1 0 1 1 
1 1 1 0 1 1 1 1 1 1 1 1 0 1 1 1 0 0 1 0 0 1 0 0 1 0 
1 1 1 1 1 1 1 1 1 1 1 1 0 1 1 1 0 0 1 0 0 1 1 0 0 0 
1 1 0 0 1 1 1 1 1 1 1 1 1 1 0 1 0 1 1 1 0 1 1 0 1 0 
1 1 1 0 1 1 1 1 1 1 0 1 1 1 0 0 1 1 0 1 0 0 0 0 1 1 
1 1 0 1 1 1 1 1 1 1 1 1 0 1 1 0 0 0 0 1 0 0 1 0 0 1 
1 1 1 1 1 1 1 0 1 1 0 1 0 0 0 0 1 0 0 1 0 0 0 1 1 1 
1 1 0 0 1 1 1 0 1 1 0 1 0 0 0 1 0 0 0 0 0 1 0 1 0 1 
1 1 0 0 1 1 1 1 1 1 1 1 1 1 0 0 0 0 0 0 0 0 0 0 0 0 
1 1 1 0 1 1 1 0 1 1 1 0 1 1 0 0 0 0 0 0 1 0 1 1 1 0 
1 1 0 0 1 1 1 0 1 1 1 0 0 1 1 0 0 0 1 0 1 0 0 0 0 0 
1 1 0 0 1 1 1 0 1 1 1 1 0 0 1 1 0 0 1 0 1 1 1 0 1 1 
1 1 1 1 0 1 1 0 1 1 1 0 0 0 1 0 0 1 1 1 1 0 1 0 1 0 
1 1 1 1 1 1 1 1 1 1 1 1 0 0 1 0 0 1 1 1 0 1 0 0 0 0 
1 1 1 0 0 1 1 1 1 1 1 0 1 0 1 1 1 0 1 0 0 1 0 1 0 0 
1 1 1 0 1 1 0 1 1 1 1 1 0 0 1 1 1 1 1 1 1 1 0 0 1 1 
1 1 1 1 0 1 1 1 1 1 0 0 1 0 0 0 1 0 1 0 0 1 0 1 0 1 
1 0 1 1 1 1 1 0 1 0 0 1 0 1 0 0 1 0 1 0 1 1 0 1 1 1 
1 1 1 1 0 1 0 1 1 0 1 1 1 0 1 0 0 0 0 0 0 1 1 1 1 1 
1 1 1 1 0 1 0 1 1 0 0 1 1 1 1 1 0 0 1 1 0 1 1 1 0 0 
0 1 0 0 1 1 0 1 0 0 1 1 1 1 0 1 1 1 1 1 0 1 1 1 0 1 
1 1 0 0 0 0 0 1 0 1 0 0 1 1 1 1 1 1 1 0 1 1 1 1 0 1 
Row permutation
36 87 25 1 43 33 31 14 2 10 18 9 42 38 16 21 24 19 0 8 83 57 32 44 4 28 52 12 82 15 3 80 5 86 35 13 45 81 61 55 60 51 17 22 47 29 62 56 40 84 63 27 6 30 37 58 46 59 23 7 85 34 79 67 74 73 69 53 39 68 77 72 66 75 41 26 71 54 65 70 50 49 76 78 64 20 11 48 
Total cost: 1427230