0 0 1 0 0 1 0 1 0 0 1 0 0 0 1 0 1 0 1 0 0 0 0 0 0 1 0 0 
0 1 1 1 0 0 0 0 1 0 0 1 0 0 1 1 1 0 1 0 0 0 1 0 0 0 1 1 
0 0 1 1 0 0 1 0 1 0 0 1 0 1 0 0 0 0 1 0 0 0 1 0 1 0 0 1 
0 0 1 1 0 0 0 0 1 0 0 0 0 1 0 1 0 0 0 0 0 0 0 0 1 0 0 0 
1 0 0 1 0 1 1 0 1 0 0 1 0 0 1 0 0 1 0 0 0 0 0 0 1 0 0 0 
0 0 1 1 0 1 0 0 0 0 1 1 0 0 1 0 1 0 0 1 0 0 0 1 1 0 0 1 
0 0 1 1 0 1 0 1 1 1 1 0 0 1 1 0 1 1 0 1 1 0 0 1 1 0 1 1 
0 1 0 1 0 0 0 0 0 1 0 0 0 1 1 1 0 0 0 1 1 0 0 0 1 0 1 1 
0 0 0 1 0 0 0 1 0 1 0 0 0 1 0 0 1 0 0 0 0 0 0 0 1 0 1 0 
0 0 0 0 0 1 0 0 0 1 0 0 0 1 0 0 0 0 0 0 0 0 0 1 1 0 1 1 
0 1 0 0 0 1 0 1 0 1 1 1 0 1 0 0 0 0 0 0 1 1 0 1 0 0 0 0 
1 0 0 0 1 0 0 0 1 1 1 0 0 0 0 1 0 0 0 0 1 0 0 1 0 0 0 0 
0 0 1 1 0 0 1 0 0 1 0 0 1 0 0 1 1 0 1 1 1 0 0 1 0 0 0 0 
0 1 0 0 1 0 0 0 0 1 0 0 0 0 0 0 1 1 1 0 1 1 0 0 0 1 1 0 
0 1 0 0 0 1 0 1 0 0 1 0 0 0 1 0 0 0 0 0 1 0 0 0 0 0 0 0 
0 1 0 0 0 1 0 0 1 0 1 0 1 0 1 0 0 0 0 0 1 0 1 0 1 0 0 1 
0 1 0 0 0 1 0 0 0 0 0 0 1 0 1 0 0 0 0 0 1 0 0 1 1 0 0 0 
0 1 0 1 0 1 0 1 0 0 1 0 1 0 1 0 0 0 0 0 1 0 0 0 1 0 0 0 
1 1 0 1 0 1 0 1 0 0 1 0 1 0 1 0 0 0 0 0 1 0 0 0 0 0 0 0 
1 1 0 1 0 0 0 0 0 0 1 1 0 1 1 0 0 0 0 0 1 0 0 0 0 1 0 0 
1 1 0 1 0 0 0 1 0 0 1 1 0 1 1 0 0 0 1 0 1 0 0 0 0 0 1 1 
0 0 0 0 0 0 0 1 0 1 0 0 0 1 1 0 0 0 1 0 1 1 0 0 1 0 1 1 
1 0 0 0 0 0 1 1 0 1 0 0 0 1 1 0 0 0 1 0 0 1 1 1 1 0 1 1 
1 0 0 1 0 0 1 1 0 0 0 0 0 1 0 0 1 0 1 0 0 1 1 1 1 0 1 1 
0 1 0 1 0 0 0 1 0 1 1 0 1 1 1 0 1 0 1 0 0 0 0 1 1 0 0 0 
0 0 0 0 0 0 1 1 1 1 1 0 1 1 1 0 1 0 1 0 0 0 0 1 0 0 0 0 
0 0 1 0 1 0 1 1 1 0 1 0 0 1 0 0 1 0 1 0 1 0 1 1 0 0 0 0 
0 0 1 0 0 0 1 1 0 1 1 0 1 0 0 1 0 0 1 0 0 0 0 0 0 1 1 0 
0 0 1 0 0 0 1 0 0 0 0 1 0 0 0 1 0 0 1 0 1 0 0 1 0 1 1 0 
0 0 1 0 1 0 0 0 0 0 0 1 0 0 1 0 0 0 1 0 0 0 0 1 1 0 1 0 
1 0 0 0 1 1 0 0 0 0 0 0 0 0 1 0 0 0 1 0 0 1 0 0 1 1 0 0 
0 0 0 0 0 0 0 0 0 0 0 1 0 0 0 0 0 0 1 0 0 1 0 0 0 1 0 0 
1 1 0 0 0 0 1 1 0 0 1 1 1 0 0 0 1 0 1 0 0 0 0 0 0 1 0 0 
0 1 0 0 1 0 1 0 1 0 0 1 0 0 1 0 0 0 1 0 0 0 1 0 0 1 0 0 
0 0 1 1 0 0 0 0 1 0 1 1 1 1 1 0 0 0 1 0 0 0 1 0 0 1 0 0 
1 0 1 1 1 0 0 0 0 1 1 1 1 0 1 0 0 0 1 0 0 0 1 0 0 1 0 0 
1 0 0 1 1 0 1 0 0 0 0 1 0 1 1 0 0 0 1 0 1 0 0 0 0 1 0 0 
1 1 0 1 0 0 0 1 1 0 0 1 1 0 1 0 0 0 1 0 0 0 0 0 1 1 0 0 
1 0 1 0 0 0 0 0 1 1 0 1 1 0 1 0 1 0 1 0 0 0 1 0 1 0 0 0 
1 0 1 0 0 1 0 0 1 0 0 1 1 1 1 0 1 0 1 0 0 1 0 0 1 0 0 0 
0 0 1 0 0 0 0 0 1 1 0 0 1 0 1 1 0 0 1 0 1 1 0 0 1 1 0 0 
1 0 1 0 0 0 0 0 0 1 0 0 0 0 1 1 0 0 1 0 1 1 1 0 0 0 1 0 
1 0 0 0 0 0 0 0 0 0 0 1 1 0 1 0 0 0 1 0 0 1 1 0 0 0 1 0 
1 0 0 0 1 1 0 1 0 0 0 0 0 1 1 0 0 0 1 1 0 1 0 1 0 0 1 0 
1 0 0 0 1 0 0 1 0 1 0 1 0 1 1 0 0 0 1 0 0 1 0 1 0 0 1 1 
1 0 0 0 1 1 0 1 0 1 0 1 0 1 1 0 0 0 1 0 0 1 0 0 1 1 0 0 
1 0 1 0 1 1 0 1 0 1 0 0 0 1 1 0 0 0 0 0 0 1 0 1 0 0 0 0 
1 0 0 0 1 0 0 0 0 1 0 0 0 1 1 0 0 0 1 0 0 1 1 1 0 0 0 0 
1 0 0 0 1 0 1 0 0 1 1 0 1 1 1 0 0 0 1 1 0 0 0 0 1 0 1 0 
1 0 1 0 1 0 1 1 0 1 1 0 1 1 0 0 1 0 1 1 0 0 1 0 0 0 0 0 
1 0 0 0 1 0 1 0 0 1 1 0 1 1 0 0 1 0 1 0 0 0 1 0 0 0 0 0 
1 0 0 0 0 0 1 0 0 1 1 0 1 0 0 0 1 0 1 0 0 0 0 0 0 0 0 0 
1 0 0 0 0 0 1 0 1 0 1 0 0 1 0 0 1 0 0 0 0 0 0 0 0 0 0 0 
1 0 0 0 0 0 1 1 1 0 0 0 0 1 0 1 0 0 1 1 1 0 0 0 0 0 0 0 
1 0 0 0 1 0 1 1 1 1 0 1 0 0 0 1 0 0 0 1 1 0 0 0 0 0 1 0 
1 0 1 0 1 0 1 1 0 0 0 1 0 0 0 1 1 0 0 1 0 0 0 1 0 0 1 0 
1 0 1 0 0 0 0 1 0 0 0 0 0 0 0 1 0 0 0 1 0 0 0 0 1 0 1 0 
1 0 0 1 0 0 1 0 0 0 0 0 0 0 0 0 0 0 1 0 0 0 1 1 0 1 1 0 
1 0 1 0 0 1 0 0 0 1 0 0 0 0 1 0 0 0 0 1 0 0 0 0 0 0 0 0 
1 0 1 0 0 1 0 0 0 0 0 1 0 0 0 0 0 0 0 0 1 0 0 0 1 1 0 1 
1 1 0 0 0 0 1 0 0 0 1 0 0 0 0 0 0 0 0 0 0 1 0 0 1 1 0 0 
1 1 0 1 0 0 1 0 0 0 0 0 0 1 0 0 0 0 0 0 1 0 1 1 1 1 1 0 
1 1 0 1 1 0 0 0 1 0 0 0 1 0 1 0 0 0 0 0 1 0 0 1 1 1 0 0 
1 1 0 1 0 0 0 0 1 1 0 0 1 0 1 0 0 1 0 0 1 0 0 1 0 0 0 0 
1 0 0 1 1 0 0 0 1 0 0 0 1 0 1 0 0 1 0 1 1 0 1 1 1 0 0 0 
1 1 0 0 0 0 0 1 0 0 0 0 1 0 1 0 0 0 0 1 1 0 1 0 0 1 0 1 
1 0 0 0 0 0 0 1 0 1 0 0 1 0 0 0 0 0 0 1 1 1 1 0 1 0 0 0 
1 1 0 0 1 0 0 1 0 1 0 0 0 0 0 0 0 1 0 1 0 1 1 0 0 0 0 0 
0 1 0 0 1 1 0 1 1 1 0 1 0 0 0 0 0 1 1 0 0 0 1 0 1 0 0 0 
0 1 0 0 1 0 0 1 1 1 0 1 1 0 0 0 1 0 0 0 0 1 1 1 0 0 0 0 
0 0 0 0 0 0 0 1 0 0 1 0 1 0 0 0 1 0 0 0 0 0 1 1 0 0 1 0 
0 0 0 1 0 1 0 1 0 0 0 0 1 0 0 1 1 0 1 0 0 1 1 0 0 0 0 0 
0 0 1 0 0 0 0 1 1 0 0 0 1 0 0 1 1 0 1 0 0 0 1 0 0 0 0 0 
1 1 1 1 1 0 0 0 1 0 0 0 1 0 1 0 0 1 0 0 1 0 1 0 0 0 0 1 
1 0 1 0 1 0 1 0 1 0 0 1 0 0 1 0 1 0 0 0 1 0 1 1 0 0 0 0 
0 0 1 0 1 0 0 0 0 0 0 1 1 0 0 0 0 1 1 1 0 0 1 1 0 0 0 0 
0 0 1 0 1 0 0 0 0 0 0 1 1 0 0 0 0 1 1 0 0 0 1 1 1 1 0 1 
0 0 1 0 0 0 0 1 0 0 0 0 1 0 0 1 0 0 1 0 0 0 1 1 1 1 1 1 
1 0 1 0 1 0 0 1 0 0 0 0 1 0 0 1 0 0 0 1 0 0 1 1 0 1 1 1 
1 0 1 0 0 0 1 0 0 0 1 0 0 0 0 1 0 1 0 0 0 0 1 1 1 1 0 1 
0 0 0 0 0 0 1 0 0 0 1 0 0 0 0 0 0 1 0 1 0 0 0 1 0 1 0 1 
1 0 0 0 1 0 1 1 0 0 1 0 0 0 0 1 0 1 0 1 0 1 1 1 0 1 0 0 
1 0 1 0 0 0 1 1 0 0 0 1 1 0 0 1 0 1 0 1 0 0 1 0 1 1 0 0 
0 0 1 0 0 0 0 0 0 0 0 0 0 0 0 1 0 1 0 1 0 0 1 0 0 1 1 1 
0 0 1 0 0 0 0 0 1 0 0 1 1 0 0 0 0 1 0 1 0 1 1 1 0 1 1 0 
0 0 1 0 1 1 0 0 1 0 0 0 0 0 0 0 0 1 1 1 0 1 0 0 0 0 1 0 
0 1 1 0 1 0 0 0 1 0 0 0 0 1 0 0 1 1 1 1 0 1 1 0 0 0 0 0 
0 1 1 0 0 0 0 0 0 0 1 0 0 1 0 0 0 0 0 1 0 1 1 0 0 0 0 1 
0 1 1 0 1 0 1 0 1 0 1 0 0 0 0 1 0 0 0 1 0 1 0 1 0 0 0 1 
1 1 1 1 1 0 0 0 1 0 1 0 0 1 0 1 0 1 0 1 0 1 0 0 0 0 0 1 
1 1 1 1 1 0 0 0 1 0 0 0 0 0 0 0 0 0 0 1 0 1 0 0 1 0 0 1 
1 1 0 0 1 0 1 0 0 0 0 0 0 1 0 0 0 0 0 1 0 1 0 1 1 0 1 1 
1 1 0 0 1 0 0 0 0 1 1 0 0 0 1 0 0 1 1 0 0 0 0 1 1 0 0 1 
0 1 0 0 1 0 0 0 0 0 0 0 0 0 0 0 0 1 0 0 0 1 0 0 1 0 0 1 
0 0 1 1 0 1 0 0 0 0 0 0 0 0 1 0 0 0 0 0 0 0 0 1 0 0 0 1 
0 0 0 1 0 1 0 0 0 0 0 1 0 0 0 0 1 0 0 0 0 0 0 1 0 0 0 1 
Row permutation
13 7 4 27 16 42 26 39 36 35 93 40 18 12 80 32 63 81 79 70 69 56 57 58 83 84 30 48 28 68 66 67 92 24 91 76 15 46 74 6 31 33 23 53 55 54 88 85 77 75 95 72 22 10 17 44 65 59 34 14 71 60 78 86 52 38 1 11 29 21 82 37 73 94 41 89 61 47 64 49 51 87 90 50 43 9 0 2 3 8 5 45 62 20 25 19 
Total cost: 860380