0 0 0 0 0 0 0 0 0 0 0 1 0 0 0 0 0 0 1 0 0 1 0 0 0 1 0 0 
0 1 0 0 1 0 0 0 0 1 0 0 0 0 0 0 1 1 1 0 1 1 0 0 0 1 1 0 
0 0 1 1 0 0 1 0 0 1 0 0 1 0 0 1 1 0 1 1 1 0 0 1 0 0 0 0 
0 0 1 0 0 0 1 0 0 0 0 1 0 0 0 1 0 0 1 0 1 0 0 1 0 1 1 0 
0 0 1 0 0 0 0 0 1 1 0 0 1 0 1 1 0 0 1 0 1 1 0 0 1 1 0 0 
0 0 1 0 0 0 1 1 0 1 1 0 1 0 0 1 0 0 1 0 0 0 0 0 0 1 1 0 
0 0 1 0 0 1 0 1 0 0 1 0 0 0 1 0 1 0 1 0 0 0 0 0 0 1 0 0 
0 1 0 0 1 1 0 1 1 1 0 1 0 0 0 0 0 1 1 0 0 0 1 0 1 0 0 0 
0 0 1 0 1 0 0 0 0 0 0 1 0 0 1 0 0 0 1 0 0 0 0 1 1 0 1 0 
1 0 0 0 0 0 0 0 0 0 0 1 1 0 1 0 0 0 1 0 0 1 1 0 0 0 1 0 
1 0 1 0 0 0 0 0 0 1 0 0 0 0 1 1 0 0 1 0 1 1 1 0 0 0 1 0 
0 1 1 1 0 0 0 0 1 0 0 1 0 0 1 1 1 0 1 0 0 0 1 0 0 0 1 1 
0 0 1 1 0 0 1 0 1 0 0 1 0 1 0 0 0 0 1 0 0 0 1 0 1 0 0 1 
0 0 1 1 0 0 0 0 1 0 0 0 0 1 0 1 0 0 0 0 0 0 0 0 1 0 0 0 
1 0 1 0 0 1 0 0 1 0 0 1 1 1 1 0 1 0 1 0 0 1 0 0 1 0 0 0 
1 0 1 0 0 0 0 0 1 1 0 1 1 0 1 0 1 0 1 0 0 0 1 0 1 0 0 0 
0 0 1 1 0 0 0 0 1 0 1 1 1 1 1 0 0 0 1 0 0 0 1 0 0 1 0 0 
1 0 1 1 1 0 0 0 0 1 1 1 1 0 1 0 0 0 1 0 0 0 1 0 0 1 0 0 
0 1 0 0 1 0 1 0 1 0 0 1 0 0 1 0 0 0 1 0 0 0 1 0 0 1 0 0 
1 1 0 1 0 0 0 1 1 0 0 1 1 0 1 0 0 0 1 0 0 0 0 0 1 1 0 0 
1 1 0 1 0 0 0 1 0 0 1 1 0 1 1 0 0 0 1 0 1 0 0 0 0 0 1 1 
1 1 0 1 0 0 0 0 0 0 1 1 0 1 1 0 0 0 0 0 1 0 0 0 0 1 0 0 
1 0 0 1 1 0 1 0 0 0 0 1 0 1 1 0 0 0 1 0 1 0 0 0 0 1 0 0 
1 0 0 0 0 0 1 1 1 0 0 0 0 1 0 1 0 0 1 1 1 0 0 0 0 0 0 0 
1 0 0 0 0 0 1 0 0 1 1 0 1 0 0 0 1 0 1 0 0 0 0 0 0 0 0 0 
1 0 0 0 0 0 1 0 1 0 1 0 0 1 0 0 1 0 0 0 0 0 0 0 0 0 0 0 
0 0 0 0 0 0 1 1 1 1 1 0 1 1 1 0 1 0 1 0 0 0 0 1 0 0 0 0 
0 1 0 1 0 0 0 1 0 1 1 0 1 1 1 0 1 0 1 0 0 0 0 1 1 0 0 0 
0 1 0 0 0 1 0 1 0 1 1 1 0 1 0 0 0 0 0 0 1 1 0 1 0 0 0 0 
1 0 0 0 1 0 0 0 1 1 1 0 0 0 0 1 0 0 0 0 1 0 0 1 0 0 0 0 
1 1 0 0 1 0 0 0 0 1 1 0 0 0 1 0 0 1 1 0 0 0 0 1 1 0 0 1 
1 0 0 0 1 0 1 0 0 1 1 0 1 1 1 0 0 0 1 1 0 0 0 0 1 0 1 0 
1 0 1 0 0 1 0 0 0 1 0 0 0 0 1 0 0 0 0 1 0 0 0 0 0 0 0 0 
1 0 0 0 1 0 0 0 0 1 0 0 0 1 1 0 0 0 1 0 0 1 1 1 0 0 0 0 
1 0 0 0 1 0 0 1 0 1 0 1 0 1 1 0 0 0 1 0 0 1 0 1 0 0 1 1 
1 0 0 0 1 1 0 1 0 0 0 0 0 1 1 0 0 0 1 1 0 1 0 1 0 0 1 0 
1 0 1 0 1 1 0 1 0 1 0 0 0 1 1 0 0 0 0 0 0 1 0 1 0 0 0 0 
1 0 0 0 1 1 0 1 0 1 0 1 0 1 1 0 0 0 1 0 0 1 0 0 1 1 0 0 
1 0 0 0 1 1 0 0 0 0 0 0 0 0 1 0 0 0 1 0 0 1 0 0 1 1 0 0 
0 0 0 0 0 0 0 1 0 1 0 0 0 1 1 0 0 0 1 0 1 1 0 0 1 0 1 1 
1 1 0 0 1 0 1 0 0 0 0 0 0 1 0 0 0 0 0 1 0 1 0 1 1 0 1 1 
1 1 0 0 0 0 1 0 0 0 1 0 0 0 0 0 0 0 0 0 0 1 0 0 1 1 0 0 
0 1 0 0 1 0 0 0 0 0 0 0 0 0 0 0 0 1 0 0 0 1 0 0 1 0 0 1 
1 1 1 1 1 0 0 0 1 0 1 0 0 1 0 1 0 1 0 1 0 1 0 0 0 0 0 1 
1 1 1 1 1 0 0 0 1 0 0 0 0 0 0 0 0 0 0 1 0 1 0 0 1 0 0 1 
0 1 1 0 1 0 1 0 1 0 1 0 0 0 0 1 0 0 0 1 0 1 0 1 0 0 0 1 
0 1 1 0 0 0 0 0 0 0 1 0 0 1 0 0 0 0 0 1 0 1 1 0 0 0 0 1 
0 1 1 0 1 0 0 0 1 0 0 0 0 1 0 0 1 1 1 1 0 1 1 0 0 0 0 0 
0 0 1 0 1 1 0 0 1 0 0 0 0 0 0 0 0 1 1 1 0 1 0 0 0 0 1 0 
1 0 1 0 1 0 1 0 1 0 0 1 0 0 1 0 1 0 0 0 1 0 1 1 0 0 0 0 
1 0 0 0 1 0 1 1 1 1 0 1 0 0 0 1 0 0 0 1 1 0 0 0 0 0 1 0 
1 0 1 0 1 0 1 1 0 0 0 1 0 0 0 1 1 0 0 1 0 0 0 1 0 0 1 0 
1 0 1 0 0 0 0 1 0 0 0 0 0 0 0 1 0 0 0 1 0 0 0 0 1 0 1 0 
0 0 1 0 0 0 0 0 0 0 0 0 0 0 0 1 0 1 0 1 0 0 1 0 0 1 1 1 
1 0 1 0 1 0 0 1 0 0 0 0 1 0 0 1 0 0 0 1 0 0 1 1 0 1 1 1 
0 0 1 0 0 0 0 1 0 0 0 0 1 0 0 1 0 0 1 0 0 0 1 1 1 1 1 1 
0 0 1 0 1 0 0 0 0 0 0 1 1 0 0 0 0 1 1 0 0 0 1 1 1 1 0 1 
0 0 1 0 1 0 0 0 0 0 0 1 1 0 0 0 0 1 1 1 0 0 1 1 0 0 0 0 
1 0 1 0 1 0 1 1 0 1 1 0 1 1 0 0 1 0 1 1 0 0 1 0 0 0 0 0 
1 0 0 0 1 0 1 0 0 1 1 0 1 1 0 0 1 0 1 0 0 0 1 0 0 0 0 0 
0 0 1 0 1 0 1 1 1 0 1 0 0 1 0 0 1 0 1 0 1 0 1 1 0 0 0 0 
1 1 0 0 0 0 1 1 0 0 1 1 1 0 0 0 1 0 1 0 0 0 0 0 0 1 0 0 
0 0 1 0 0 0 0 1 1 0 0 0 1 0 0 1 1 0 1 0 0 0 1 0 0 0 0 0 
0 0 0 1 0 1 0 1 0 0 0 0 1 0 0 1 1 0 1 0 0 1 1 0 0 0 0 0 
0 0 0 0 0 0 0 1 0 0 1 0 1 0 0 0 1 0 0 0 0 0 1 1 0 0 1 0 
0 1 0 0 1 0 0 1 1 1 0 1 1 0 0 0 1 0 0 0 0 1 1 1 0 0 0 0 
1 1 0 0 1 0 0 1 0 1 0 0 0 0 0 0 0 1 0 1 0 1 1 0 0 0 0 0 
1 0 0 0 0 0 0 1 0 1 0 0 1 0 0 0 0 0 0 1 1 1 1 0 1 0 0 0 
1 0 0 1 1 0 0 0 1 0 0 0 1 0 1 0 0 1 0 1 1 0 1 1 1 0 0 0 
0 0 1 0 0 0 0 0 1 0 0 1 1 0 0 0 0 1 0 1 0 1 1 1 0 1 1 0 
1 0 0 0 1 0 1 1 0 0 1 0 0 0 0 1 0 1 0 1 0 1 1 1 0 1 0 0 
0 0 0 0 0 0 1 0 0 0 1 0 0 0 0 0 0 1 0 1 0 0 0 1 0 1 0 1 
1 0 1 0 0 0 1 1 0 0 0 1 1 0 0 1 0 1 0 1 0 0 1 0 1 1 0 0 
1 0 1 0 0 0 1 0 0 0 1 0 0 0 0 1 0 1 0 0 0 0 1 1 1 1 0 1 
1 0 0 0 0 0 1 1 0 1 0 0 0 1 1 0 0 0 1 0 0 1 1 1 1 0 1 1 
1 0 0 1 0 0 1 0 0 0 0 0 0 0 0 0 0 0 1 0 0 0 1 1 0 1 1 0 
1 1 0 1 0 0 1 0 0 0 0 0 0 1 0 0 0 0 0 0 1 0 1 1 1 1 1 0 
1 0 0 1 0 0 1 1 0 0 0 0 0 1 0 0 1 0 1 0 0 1 1 1 1 0 1 1 
0 0 0 0 0 1 0 0 0 1 0 0 0 1 0 0 0 0 0 0 0 0 0 1 1 0 1 1 
0 0 0 1 0 0 0 1 0 1 0 0 0 1 0 0 1 0 0 0 0 0 0 0 1 0 1 0 
0 0 1 1 0 1 0 1 1 1 1 0 0 1 1 0 1 1 0 1 1 0 0 1 1 0 1 1 
0 1 0 1 0 0 0 0 0 1 0 0 0 1 1 1 0 0 0 1 1 0 0 0 1 0 1 1 
0 1 0 0 0 1 0 0 0 0 0 0 1 0 1 0 0 0 0 0 1 0 0 1 1 0 0 0 
0 0 1 1 0 1 0 0 0 0 0 0 0 0 1 0 0 0 0 0 0 0 0 1 0 0 0 1 
0 0 1 1 0 1 0 0 0 0 1 1 0 0 1 0 1 0 0 1 0 0 0 1 1 0 0 1 
0 0 0 1 0 1 0 0 0 0 0 1 0 0 0 0 1 0 0 0 0 0 0 1 0 0 0 1 
1 0 1 0 0 1 0 0 0 0 0 1 0 0 0 0 0 0 0 0 1 0 0 0 1 1 0 1 
1 0 0 1 0 1 1 0 1 0 0 1 0 0 1 0 0 1 0 0 0 0 0 0 1 0 0 0 
1 1 0 1 0 0 0 0 1 1 0 0 1 0 1 0 0 1 0 0 1 0 0 1 0 0 0 0 
1 1 0 1 1 0 0 0 1 0 0 0 1 0 1 0 0 0 0 0 1 0 0 1 1 1 0 0 
1 1 1 1 1 0 0 0 1 0 0 0 1 0 1 0 0 1 0 0 1 0 1 0 0 0 0 1 
1 1 0 0 0 0 0 1 0 0 0 0 1 0 1 0 0 0 0 1 1 0 1 0 0 1 0 1 
0 1 0 0 0 1 0 1 0 0 1 0 0 0 1 0 0 0 0 0 1 0 0 0 0 0 0 0 
1 1 0 1 0 1 0 1 0 0 1 0 1 0 1 0 0 0 0 0 1 0 0 0 0 0 0 0 
0 1 0 1 0 1 0 1 0 0 1 0 1 0 1 0 0 0 0 0 1 0 0 0 1 0 0 0 
0 1 0 0 0 1 0 0 1 0 1 0 1 0 1 0 0 0 0 0 1 0 1 0 1 0 0 1 
Row permutation
67 12 18 28 31 48 13 29 68 23 33 7 4 27 6 74 91 76 24 46 69 70 15 10 72 22 84 83 93 40 62 77 34 85 55 53 88 54 66 56 45 71 20 8 5 3 2 0 9 41 17 44 65 50 64 47 61 89 75 95 30 92 73 37 82 21 11 1 52 43 87 51 90 49 57 59 60 58 35 36 26 39 63 25 42 19 14 16 86 78 94 38 80 79 81 32 
Total cost: 688840