1 0 0 0 0 1 1 1 0 0 1 0 1 0 1 0 1 0 0 1 0 0 1 0 1 0 1 0 
1 1 0 1 0 1 1 1 1 0 1 1 1 0 0 0 1 1 0 1 0 0 1 1 1 1 0 1 
1 1 1 1 1 1 1 1 1 1 1 1 0 0 1 1 1 0 1 0 0 1 1 0 1 1 1 1 
0 0 1 0 0 1 1 1 1 1 0 0 0 1 0 1 1 0 1 0 0 0 1 1 1 1 0 0 
0 0 1 0 1 0 1 1 1 1 1 0 0 1 1 0 0 0 1 1 1 0 1 1 1 1 0 1 
1 1 1 0 1 1 1 1 1 1 1 1 1 0 1 0 1 1 1 0 1 1 1 0 1 1 0 0 
1 0 1 1 0 1 1 1 0 0 1 0 0 1 1 0 1 1 1 0 1 0 1 0 1 0 1 0 
1 0 1 1 1 0 1 1 1 0 1 1 0 1 1 1 0 1 1 1 1 0 1 1 1 1 0 0 
1 1 1 0 1 0 1 0 0 0 1 0 0 1 1 1 1 0 0 1 0 0 1 0 1 1 1 1 
1 1 1 0 0 0 1 0 0 0 0 1 1 1 1 1 0 1 0 1 1 0 0 0 1 0 1 1 
1 1 1 0 1 1 1 1 1 0 1 1 1 1 1 1 0 1 1 1 0 1 1 1 1 0 1 0 
1 1 1 1 1 0 1 1 1 1 0 1 1 1 1 0 1 1 1 1 1 1 0 1 1 0 1 0 
1 1 1 1 1 0 1 1 0 1 1 0 1 1 0 1 1 1 1 0 1 0 1 1 1 0 1 0 
1 1 1 1 0 0 1 1 0 1 1 1 1 1 1 1 0 1 1 1 1 1 1 1 1 0 1 0 
1 1 0 1 1 1 1 1 0 1 1 1 1 0 1 1 0 1 1 1 1 1 0 1 1 0 1 1 
1 1 1 1 0 1 1 0 0 1 1 1 1 0 1 1 1 1 1 1 0 0 0 1 1 0 1 1 
1 0 1 1 1 1 1 1 0 1 1 1 1 0 0 1 1 1 1 1 1 1 0 1 1 1 0 0 
1 0 1 1 1 1 1 1 0 1 1 1 0 1 1 1 1 1 1 1 0 0 1 1 0 0 1 1 
1 1 1 1 1 1 1 0 1 1 1 1 1 1 0 1 1 1 1 1 0 0 0 1 1 1 1 0 
1 1 0 1 1 1 1 1 1 1 1 1 1 1 0 1 1 1 1 1 1 0 1 1 1 1 1 1 
1 0 1 1 1 1 1 1 1 0 1 1 0 1 0 1 1 1 1 1 1 0 1 1 0 1 0 1 
0 1 1 1 1 1 1 1 1 1 1 1 1 1 0 1 1 1 1 0 1 1 0 1 1 1 1 0 
0 1 1 1 1 1 1 1 1 1 1 1 0 1 1 1 1 1 1 1 1 1 1 1 1 1 0 1 
0 1 1 1 1 1 1 1 1 1 1 0 0 1 1 1 1 1 1 1 1 1 1 1 1 1 0 1 
0 1 1 1 1 1 1 1 1 1 1 1 0 1 1 0 1 1 1 0 1 1 1 1 1 1 0 1 
0 0 1 1 1 1 1 0 1 1 1 1 1 1 1 1 1 1 1 0 1 1 1 1 1 1 0 0 
1 1 1 1 1 1 1 0 1 1 1 1 1 1 0 1 1 1 1 1 1 1 1 0 1 1 0 1 
1 0 1 1 1 1 1 1 1 1 1 1 0 1 1 1 1 1 1 1 0 1 1 1 1 1 1 1 
1 0 1 1 1 1 1 1 1 1 0 1 0 1 1 1 1 1 1 0 0 1 1 0 1 1 1 1 
1 1 1 1 1 1 1 1 0 1 1 1 1 1 0 1 1 1 1 0 1 1 1 0 1 1 1 1 
1 1 1 1 1 1 1 1 0 1 1 1 1 1 0 1 1 0 1 1 1 1 0 0 1 1 1 1 
1 1 1 1 1 1 1 1 1 1 0 1 1 1 1 1 1 1 1 1 1 1 1 0 1 1 1 1 
1 1 1 1 1 1 0 1 1 1 1 1 0 1 1 1 1 1 1 1 1 1 1 1 1 0 1 1 
1 1 0 1 1 1 1 1 1 1 1 1 1 0 0 1 1 0 1 1 1 1 0 1 1 1 0 1 
1 1 1 1 0 1 1 1 1 1 1 1 0 0 1 1 1 1 1 1 1 1 0 1 1 1 1 1 
1 1 1 1 1 1 1 0 1 1 1 1 1 0 1 1 0 1 1 1 1 1 0 1 1 1 1 0 
1 1 1 0 1 1 1 1 1 1 1 1 1 0 1 1 1 1 1 1 1 1 0 1 1 1 1 1 
1 1 1 1 1 1 0 1 1 0 1 1 1 1 1 1 0 1 1 1 1 1 0 1 1 1 1 0 
1 0 1 1 1 1 1 1 1 1 1 1 0 1 1 1 1 1 1 0 1 1 1 1 1 1 1 1 
1 0 1 1 1 1 1 1 1 1 1 1 1 0 1 1 1 1 1 0 1 1 1 1 0 0 1 1 
1 1 1 1 1 1 0 1 1 1 1 1 1 0 1 1 1 1 1 0 1 1 1 1 0 1 1 0 
1 1 1 1 1 1 0 1 1 1 1 1 1 1 1 1 1 1 1 0 1 1 1 0 0 1 1 1 
1 1 1 1 1 1 0 1 1 1 1 1 1 1 1 1 1 1 0 1 1 1 1 1 1 1 1 0 
1 1 1 1 1 1 0 1 1 1 1 1 1 1 1 1 1 1 1 0 1 1 1 1 1 1 1 1 
1 1 0 0 1 1 1 1 1 1 1 1 1 1 1 1 1 1 1 1 1 1 1 1 1 1 1 1 
1 1 1 1 1 1 1 1 1 1 1 1 1 1 1 1 0 1 1 1 0 1 1 1 1 1 1 1 
1 1 0 0 1 1 1 1 1 1 1 0 1 1 1 1 1 0 1 1 1 1 1 1 0 1 1 1 
1 1 1 0 1 0 1 1 1 1 1 1 1 1 0 1 0 1 0 0 1 1 1 0 1 1 1 1 
1 1 1 0 1 1 1 1 1 1 1 1 1 1 1 0 1 1 0 1 0 1 1 1 0 1 1 1 
1 1 0 0 1 0 1 0 1 1 1 1 0 0 1 0 1 1 0 1 0 1 1 1 0 1 1 1 
1 1 1 0 1 0 1 1 0 1 1 1 1 1 1 1 1 1 0 1 0 1 1 1 1 1 1 1 
1 1 1 1 1 0 1 1 0 1 1 1 1 1 1 1 1 1 1 1 0 1 1 1 0 1 1 1 
1 1 1 0 1 1 0 1 0 0 1 1 1 1 1 1 1 1 1 1 1 1 1 1 1 1 1 1 
1 1 1 1 1 1 0 1 1 0 1 1 1 1 1 0 1 1 1 1 0 1 1 1 1 1 1 1 
1 1 1 1 1 1 0 1 1 0 1 1 1 1 1 1 0 0 1 1 0 1 1 1 0 1 1 1 
1 1 1 1 0 1 0 1 1 1 1 1 1 1 1 1 1 1 0 1 0 0 1 1 1 1 1 1 
1 0 1 1 1 1 1 1 1 1 1 0 1 1 0 1 1 0 1 1 1 0 1 1 0 1 1 1 
1 0 1 1 1 1 1 1 0 1 1 1 1 1 1 1 1 0 0 1 1 0 1 1 1 1 1 1 
0 1 0 1 0 1 0 1 0 1 1 1 1 1 1 1 1 0 0 1 1 0 1 1 0 1 1 1 
0 1 1 1 1 1 1 0 1 1 1 0 1 1 1 1 1 1 0 1 1 1 1 1 1 1 0 1 
1 1 1 1 1 1 1 1 1 1 1 0 1 1 1 1 1 1 0 1 1 1 1 1 1 1 0 1 
1 0 1 1 1 1 1 1 0 1 1 1 1 1 1 1 1 1 1 1 1 1 1 1 1 1 0 1 
0 1 1 1 0 0 1 0 0 1 1 0 1 1 1 1 0 1 1 1 1 1 1 1 1 1 0 1 
0 0 1 1 0 0 1 0 1 1 1 0 1 1 1 1 1 1 1 1 1 1 1 1 1 0 1 1 
1 0 1 1 1 0 1 0 0 1 0 1 1 1 1 1 1 1 1 0 1 1 1 1 1 0 1 1 
1 1 1 0 1 0 1 1 1 1 0 1 1 1 1 1 1 1 0 0 1 1 1 1 1 1 1 1 
1 1 0 1 1 1 1 0 1 1 0 0 1 1 1 1 1 1 0 0 0 1 1 1 0 1 1 1 
0 1 1 1 1 1 1 0 1 1 0 0 1 1 0 1 1 1 1 1 1 0 1 1 0 1 0 1 
0 1 0 0 1 1 1 0 0 0 1 0 1 1 0 1 1 1 0 1 1 0 1 1 1 1 0 1 
1 1 0 0 1 0 1 1 0 1 1 1 1 1 0 1 1 0 1 1 1 1 1 1 1 1 0 1 
0 1 1 1 1 1 1 1 1 1 0 0 1 1 1 1 1 0 1 1 1 1 0 1 1 1 1 1 
1 1 1 1 1 1 1 0 1 1 1 1 1 1 0 0 1 0 0 1 1 1 1 1 1 1 1 1 
0 1 0 1 1 1 1 0 1 1 0 0 1 1 0 1 1 0 1 0 1 0 0 1 1 1 1 1 
0 0 1 1 1 1 1 1 1 1 0 0 1 1 1 0 1 1 0 0 1 0 1 1 0 1 1 1 
0 1 1 0 1 0 1 1 0 1 0 0 1 1 1 0 1 1 1 0 0 0 1 1 0 1 1 1 
0 1 1 0 1 0 1 1 1 0 1 1 1 1 0 0 0 1 1 1 0 1 0 1 0 1 1 1 
1 1 1 0 1 1 0 1 1 0 1 1 1 1 0 0 1 1 1 1 1 0 1 1 0 1 1 1 
1 1 0 0 0 1 0 1 0 1 1 0 1 1 0 0 1 0 1 0 1 0 1 1 0 1 1 1 
1 1 1 1 1 1 1 1 0 1 0 0 1 1 1 1 1 1 1 0 1 1 1 1 0 1 0 0 
1 0 1 1 1 1 1 1 1 1 0 1 1 1 1 1 0 1 1 0 1 1 0 1 0 1 0 1 
0 1 1 1 0 1 1 1 1 1 0 1 1 1 1 1 0 1 1 1 0 1 1 1 1 1 0 1 
0 1 0 1 0 1 1 1 1 1 1 0 1 1 1 1 0 1 1 0 1 1 1 0 0 1 1 1 
0 1 0 1 0 1 0 1 1 1 1 0 1 1 0 1 1 1 1 1 0 1 1 1 0 0 1 0 
0 1 0 1 1 0 0 0 1 1 0 0 0 1 0 1 1 1 1 0 1 1 1 1 0 1 0 1 
0 1 1 1 1 0 1 0 1 1 0 0 1 0 1 0 0 1 1 1 0 1 0 1 1 1 1 1 
1 0 1 1 0 1 1 0 1 0 1 0 1 0 1 0 0 1 1 1 0 1 0 1 1 1 0 1 
1 0 1 0 0 1 1 0 1 0 1 0 1 0 0 1 0 0 1 0 0 1 0 1 1 1 0 1 
1 1 0 0 0 1 1 0 1 0 1 1 1 0 1 1 1 1 1 0 0 1 0 1 1 1 0 1 
1 1 1 1 0 1 1 0 1 1 0 0 1 1 1 0 1 1 1 1 1 1 0 1 1 1 0 1 
1 0 1 1 1 1 1 0 1 1 1 0 0 0 0 0 1 1 1 1 0 1 0 1 1 1 0 1 
1 1 1 0 1 1 0 0 1 1 0 0 0 1 0 1 0 1 1 1 1 1 0 1 1 1 1 1 
1 1 1 0 0 1 0 0 1 1 0 0 0 0 0 0 0 1 1 1 1 1 1 0 1 1 1 1 
1 1 0 0 1 1 0 0 1 0 0 0 0 1 1 1 1 1 0 1 1 1 1 1 1 1 1 1 
1 1 0 0 1 1 0 0 1 0 0 0 0 0 1 1 0 1 1 1 1 1 1 1 1 0 1 1 
1 0 0 1 1 0 0 0 1 0 1 1 0 1 1 0 0 1 1 1 0 1 1 1 1 0 1 1 
1 1 0 1 1 0 1 1 0 0 1 1 0 0 0 0 0 0 0 1 1 1 0 1 0 1 1 1 
Row permutation
93 78 46 85 87 23 90 63 88 41 16 32 68 20 11 39 66 0 24 2 30 45 35 7 37 19 12 15 57 38 61 52 9 59 13 47 6 42 3 58 62 10 14 40 55 22 43 17 1 94 60 27 25 18 29 31 69 8 70 28 33 5 53 54 50 21 79 44 75 51 71 48 80 49 82 92 56 91 67 36 4 64 65 72 81 83 86 26 34 84 76 73 77 74 89 95 
Total cost: 1710220