1 0 0 0 0 0 0 1 0 0 1 0 
1 0 0 0 0 0 0 0 0 0 1 1 
1 0 0 1 0 0 0 0 1 0 0 0 
1 0 1 1 0 0 0 1 1 0 0 0 
1 0 1 0 0 0 0 1 0 0 0 0 
1 0 1 0 0 0 0 0 0 1 0 0 
1 0 1 0 0 0 0 1 0 0 0 0 
1 1 1 0 0 0 0 0 0 0 1 0 
0 0 1 1 0 0 0 0 0 0 1 0 
0 0 1 0 0 0 0 0 0 0 1 0 
0 0 1 0 0 1 0 0 0 0 1 0 
0 1 1 0 0 0 0 0 1 1 1 0 
0 1 1 0 0 1 0 0 1 0 1 0 
0 1 1 0 0 1 1 0 0 0 1 0 
0 1 1 0 1 0 1 0 0 0 1 0 
0 1 1 0 1 0 1 0 1 0 1 0 
0 1 1 0 0 0 1 1 1 0 1 1 
0 1 1 0 0 0 0 1 1 0 0 1 
1 1 1 0 0 0 0 0 1 1 0 1 
0 1 0 0 1 0 0 1 1 0 0 1 
0 1 0 0 0 0 0 0 1 0 0 0 
1 1 0 0 0 1 1 0 1 0 0 0 
0 1 0 1 0 1 0 0 1 0 1 0 
0 1 0 1 0 1 0 1 1 1 0 0 
0 1 0 0 1 1 0 1 0 0 0 0 
0 1 0 0 1 1 0 1 0 1 0 0 
0 1 1 0 1 1 0 1 0 1 1 0 
0 0 1 0 1 1 0 0 0 1 0 1 
0 0 1 0 1 1 0 0 1 1 0 0 
0 0 1 0 1 0 0 1 1 0 1 0 
0 0 0 0 1 0 1 0 0 0 1 0 
0 0 0 0 1 0 0 1 1 0 0 0 
0 0 0 1 1 1 0 1 0 0 0 0 
0 0 0 1 1 1 0 0 0 1 1 0 
1 0 0 1 1 0 0 0 1 0 1 0 
0 0 0 1 1 0 0 1 0 0 1 1 
0 0 1 1 1 0 0 0 0 1 1 1 
0 0 1 1 1 0 0 0 0 1 0 0 
0 0 0 1 1 0 1 0 0 0 0 0 
1 0 0 1 1 0 0 0 0 0 0 0 
0 0 0 1 0 0 0 1 0 0 0 0 
0 0 0 1 0 1 0 1 0 0 0 1 
0 0 0 1 0 1 1 0 0 0 0 1 
0 0 0 1 0 0 1 0 0 1 0 0 
0 1 0 1 0 0 1 0 0 1 1 0 
0 0 1 1 0 0 1 0 0 0 1 1 
0 0 1 1 0 0 1 0 1 0 0 1 
1 0 0 1 0 1 1 0 1 1 0 1 
0 0 0 0 0 0 1 0 0 1 0 1 
1 0 0 0 1 0 1 0 0 1 0 0 
1 0 0 1 0 0 0 0 0 1 0 0 
0 0 0 1 0 0 0 0 1 0 0 1 
0 1 0 0 1 0 0 0 0 0 1 1 
0 1 0 0 0 1 1 0 0 0 0 1 
0 1 1 0 0 0 0 1 0 0 0 1 
0 0 1 0 0 0 0 0 0 0 0 0 
Row permutation
32 13 22 39 31 52 36 3 38 7 8 51 42 27 2 9 45 18 12 1 11 46 34 23 19 24 35 33 55 10 41 30 48 54 14 29 49 17 20 53 44 43 6 50 21 5 0 15 26 40 25 37 16 28 4 47 
Total cost: 211150