0 0 0 0 1 0 0 1 1 0 0 0 
1 0 0 1 0 0 0 0 1 0 0 0 
0 0 0 1 0 0 0 0 1 0 0 1 
0 1 0 0 0 0 0 0 1 0 0 0 
0 1 1 0 0 0 0 1 1 0 0 1 
0 1 1 0 0 0 0 1 0 0 0 1 
0 1 0 0 1 0 0 1 1 0 0 1 
0 1 1 0 0 0 1 1 1 0 1 1 
0 0 1 1 0 0 1 0 1 0 0 1 
1 1 1 0 0 0 0 0 1 1 0 1 
0 1 1 0 0 0 0 0 1 1 1 0 
0 1 1 0 0 1 0 0 1 0 1 0 
0 1 0 1 0 1 0 0 1 0 1 0 
1 1 1 0 0 0 0 0 0 0 1 0 
0 1 0 0 1 0 0 0 0 0 1 1 
0 1 1 0 1 0 1 0 1 0 1 0 
0 1 1 0 1 0 1 0 0 0 1 0 
0 0 0 0 1 0 1 0 0 0 1 0 
0 1 1 0 0 1 1 0 0 0 1 0 
0 0 1 0 0 1 0 0 0 0 1 0 
0 0 1 1 0 0 0 0 0 0 1 0 
0 0 1 1 0 0 1 0 0 0 1 1 
0 0 1 0 0 0 0 0 0 0 1 0 
0 0 1 0 0 0 0 0 0 0 0 0 
1 0 1 0 0 0 0 0 0 1 0 0 
1 0 1 0 0 0 0 1 0 0 0 0 
1 0 1 0 0 0 0 1 0 0 0 0 
1 0 1 1 0 0 0 1 1 0 0 0 
0 0 1 0 1 0 0 1 1 0 1 0 
0 1 1 0 1 1 0 1 0 1 1 0 
0 1 0 0 1 1 0 1 0 0 0 0 
0 1 0 0 1 1 0 1 0 1 0 0 
0 1 0 1 0 1 0 1 1 1 0 0 
0 0 1 0 1 1 0 0 1 1 0 0 
0 0 1 0 1 1 0 0 0 1 0 1 
0 0 1 1 1 0 0 0 0 1 1 1 
0 0 0 1 1 1 0 0 0 1 1 0 
0 0 1 1 1 0 0 0 0 1 0 0 
1 0 0 1 0 0 0 0 0 1 0 0 
1 0 0 1 1 0 0 0 0 0 0 0 
0 0 0 1 1 0 1 0 0 0 0 0 
1 0 0 1 1 0 0 0 1 0 1 0 
0 0 0 1 1 0 0 1 0 0 1 1 
0 0 0 1 1 1 0 1 0 0 0 0 
0 0 0 1 0 0 0 1 0 0 0 0 
0 0 0 1 0 1 0 1 0 0 0 1 
0 0 0 1 0 1 1 0 0 0 0 1 
0 1 0 0 0 1 1 0 0 0 0 1 
1 0 0 1 0 1 1 0 1 1 0 1 
0 1 0 1 0 0 1 0 0 1 1 0 
0 0 0 1 0 0 1 0 0 1 0 0 
0 0 0 0 0 0 1 0 0 1 0 1 
1 1 0 0 0 1 1 0 1 0 0 0 
1 0 0 0 1 0 1 0 0 1 0 0 
1 0 0 0 0 0 0 0 0 0 1 1 
1 0 0 0 0 0 0 1 0 0 1 0 
Row permutation
30 22 37 11 18 4 1 45 0 12 51 42 34 3 16 9 2 41 27 8 38 5 7 47 52 36 31 39 10 35 19 24 23 55 33 49 54 17 25 53 20 14 29 48 44 43 6 28 15 21 50 26 46 40 13 32 
Total cost: 168050