0 1 0 1 1 0 1 0 1 1 0 0 
0 1 0 0 1 0 1 1 1 1 0 0 
0 1 0 0 1 1 0 1 1 1 0 0 
0 1 0 1 1 1 0 1 1 1 1 0 
0 1 1 1 1 1 0 1 1 1 1 0 
1 1 1 1 1 1 0 1 1 1 1 0 
1 1 1 1 1 1 0 1 1 1 1 1 
1 0 1 1 1 1 1 0 1 1 1 0 
1 1 1 0 1 1 0 1 0 0 1 1 
1 1 1 1 1 1 1 0 0 0 1 1 
1 1 1 1 1 0 1 0 0 1 1 1 
1 1 1 0 0 1 1 1 0 1 1 1 
1 1 1 0 1 0 1 1 0 0 1 1 
0 1 1 1 1 0 1 1 0 0 1 1 
0 1 1 1 1 1 1 1 0 1 1 1 
0 1 1 1 1 1 1 1 0 1 1 1 
0 1 1 1 1 0 1 1 0 1 1 0 
0 1 1 1 1 1 1 1 0 1 1 0 
0 1 1 1 0 1 1 0 1 1 1 1 
0 1 1 1 0 0 1 1 1 1 1 0 
1 1 0 1 0 0 1 1 1 1 1 0 
1 1 0 1 0 1 1 1 1 1 1 0 
1 0 1 1 0 1 1 1 1 1 1 0 
1 1 1 0 0 1 0 1 1 1 1 0 
1 1 1 1 1 0 0 1 1 1 0 1 
1 1 1 1 1 0 1 1 1 1 1 1 
1 1 1 1 1 1 1 1 1 1 0 1 
1 1 1 1 1 0 1 1 1 1 1 1 
1 0 1 1 1 1 1 1 1 1 1 1 
1 1 1 1 1 1 1 1 1 1 1 1 
1 0 1 1 1 1 0 1 1 1 1 1 
1 0 1 1 1 1 1 1 1 0 1 1 
1 0 1 1 0 1 1 1 1 1 1 1 
1 0 1 1 1 1 1 1 1 1 1 1 
1 0 1 1 1 1 1 1 1 1 1 1 
1 1 1 0 0 1 1 1 1 1 0 1 
1 1 1 0 0 1 1 1 1 1 0 0 
1 1 1 0 1 1 1 1 1 1 0 1 
1 1 1 0 1 1 1 1 1 1 0 1 
0 1 0 0 1 1 1 1 0 1 1 1 
1 1 1 0 1 0 1 1 1 1 1 0 
1 1 0 0 1 1 1 1 1 1 1 1 
1 1 1 0 1 1 1 1 0 1 1 1 
1 1 1 0 1 1 1 0 1 1 1 1 
1 1 1 0 1 1 1 0 1 1 1 1 
1 1 1 0 1 1 1 0 1 1 1 1 
1 1 1 0 1 1 1 0 1 0 1 1 
1 1 1 1 1 1 1 0 1 0 1 1 
1 1 1 1 0 1 1 1 1 0 1 1 
1 1 1 1 1 1 1 1 1 0 1 1 
1 1 0 0 1 1 1 0 0 0 1 1 
1 0 1 1 1 1 1 0 0 0 1 1 
1 0 1 1 0 1 1 0 1 0 1 1 
0 0 1 1 1 0 1 0 1 0 0 1 
0 0 0 1 1 0 1 0 0 0 1 1 
0 0 1 0 1 0 1 0 1 0 0 1 
Row permutation
32 8 15 21 45 48 28 0 2 13 6 43 26 30 27 3 19 38 1 52 24 25 31 5 14 18 41 42 35 36 54 11 7 50 51 16 17 53 39 29 49 40 47 34 23 10 22 46 4 12 37 44 55 33 20 9 
Total cost: 268490