1 1 1 0 0 1 0 1 1 1 1 0 
1 1 1 0 0 1 1 1 1 1 0 0 
1 0 1 1 1 1 1 0 1 1 1 0 
0 1 1 1 0 1 1 0 1 1 1 1 
0 0 0 1 1 0 1 0 0 0 1 1 
1 1 1 1 1 0 1 0 0 1 1 1 
0 1 1 1 1 0 1 1 0 0 1 1 
1 0 1 1 1 1 1 1 1 0 1 1 
1 0 1 1 0 1 1 0 1 0 1 1 
1 0 1 1 1 1 1 0 0 0 1 1 
1 1 1 0 0 1 1 1 0 1 1 1 
1 1 1 0 1 1 1 1 0 1 1 1 
1 1 1 1 1 1 1 0 0 0 1 1 
1 1 1 1 0 1 1 1 1 0 1 1 
1 1 1 1 1 1 1 1 1 0 1 1 
1 1 1 1 1 1 1 0 1 0 1 1 
1 1 1 0 1 1 1 0 1 1 1 1 
1 1 1 0 1 1 1 0 1 0 1 1 
1 1 1 0 1 1 1 0 1 1 1 1 
1 1 1 0 1 1 1 0 1 1 1 1 
1 1 1 0 1 1 1 1 1 1 0 1 
1 1 0 0 1 1 1 1 1 1 1 1 
1 1 1 0 0 1 1 1 1 1 0 1 
1 1 1 1 1 0 0 1 1 1 0 1 
1 1 1 1 1 1 1 1 1 1 0 1 
1 1 1 0 1 1 1 1 1 1 0 1 
1 1 1 1 1 1 1 1 1 1 1 1 
1 0 1 1 0 1 1 1 1 1 1 1 
1 1 1 1 1 0 1 1 1 1 1 1 
1 1 1 1 1 0 1 1 1 1 1 1 
1 0 1 1 1 1 1 1 1 1 1 1 
1 0 1 1 1 1 1 1 1 1 1 1 
1 0 1 1 1 1 1 1 1 1 1 1 
1 0 1 1 1 1 0 1 1 1 1 1 
1 1 1 1 1 1 0 1 1 1 1 1 
1 1 1 1 1 1 0 1 1 1 1 0 
1 0 1 1 0 1 1 1 1 1 1 0 
1 1 0 1 0 1 1 1 1 1 1 0 
1 1 0 1 0 0 1 1 1 1 1 0 
0 1 1 1 0 0 1 1 1 1 1 0 
0 1 1 1 1 1 0 1 1 1 1 0 
0 1 0 1 1 1 0 1 1 1 1 0 
0 1 0 0 1 1 0 1 1 1 0 0 
1 1 1 0 1 0 1 1 1 1 1 0 
0 1 0 0 1 0 1 1 1 1 0 0 
0 1 1 1 1 0 1 1 0 1 1 0 
0 1 1 1 1 1 1 1 0 1 1 0 
0 1 1 1 1 1 1 1 0 1 1 1 
0 1 1 1 1 1 1 1 0 1 1 1 
0 1 0 0 1 1 1 1 0 1 1 1 
1 1 1 0 1 0 1 1 0 0 1 1 
1 1 1 0 1 1 0 1 0 0 1 1 
1 1 0 0 1 1 1 0 0 0 1 1 
0 0 1 0 1 0 1 0 1 0 0 1 
0 0 1 1 1 0 1 0 1 0 0 1 
0 1 0 1 1 0 1 0 1 1 0 0 
Row permutation
5 17 0 1 20 6 30 11 55 44 43 47 13 4 12 46 10 22 23 34 39 40 16 14 41 53 36 7 42 18 51 50 35 54 28 48 31 25 24 52 45 21 15 49 8 19 38 3 27 29 26 2 37 9 33 32 
Total cost: 419490