0 0 0 1 0 0 0 0 1 0 0 0 
1 0 0 0 0 0 0 0 1 0 0 0 
1 0 0 0 0 0 0 0 1 0 1 1 
1 0 0 0 1 0 0 0 1 0 0 0 
1 1 1 0 1 0 0 0 1 0 0 0 
1 1 0 0 0 0 0 0 1 0 0 1 
1 1 0 0 0 0 0 0 1 0 0 1 
1 1 0 0 0 0 1 0 1 0 0 1 
1 0 0 1 0 0 0 0 0 0 0 0 
1 0 0 0 0 0 0 1 0 0 0 1 
1 0 0 0 0 0 1 0 0 0 0 0 
1 0 0 0 0 0 1 0 0 0 1 1 
1 0 0 0 1 0 1 0 0 0 1 1 
0 0 0 1 0 0 1 0 0 0 1 1 
1 0 1 1 0 1 1 0 0 0 1 1 
1 0 0 0 0 1 1 0 0 0 0 1 
1 0 1 0 0 0 1 0 0 0 1 1 
0 0 1 0 0 0 1 0 0 0 0 0 
0 0 1 0 0 0 1 0 0 0 0 0 
0 0 1 0 1 0 1 0 1 0 0 1 
1 0 1 0 1 1 1 0 1 0 0 1 
0 0 1 0 0 0 1 0 1 0 1 0 
0 0 1 0 0 0 1 0 1 0 1 1 
0 0 1 0 0 0 0 0 1 0 0 1 
0 0 1 0 0 0 0 0 1 0 0 1 
0 0 1 0 0 0 0 1 1 1 0 1 
0 0 1 0 0 1 0 0 1 1 0 0 
0 0 1 0 0 0 0 0 0 1 0 0 
0 0 1 0 0 0 0 0 0 1 0 1 
0 0 0 0 0 0 0 0 0 1 0 1 
0 0 1 0 0 0 0 0 0 1 1 1 
1 0 1 0 0 0 0 0 1 1 1 0 
1 0 0 1 0 0 0 0 0 1 0 1 
1 1 0 0 1 0 0 0 0 1 0 0 
1 1 1 0 1 0 0 1 0 0 0 0 
0 0 1 0 0 0 0 1 0 1 0 0 
0 0 1 0 0 0 0 1 0 1 0 0 
0 0 1 0 1 0 0 1 0 1 0 0 
0 0 0 1 0 0 0 1 1 1 1 1 
0 0 1 1 0 0 0 1 0 1 1 0 
1 0 1 0 0 1 0 1 0 1 1 0 
0 1 1 0 0 1 0 1 0 0 1 1 
0 1 1 0 0 1 1 0 0 0 1 1 
0 1 1 0 0 1 0 0 0 0 1 0 
1 1 1 0 0 1 0 0 0 0 1 0 
1 1 0 0 0 1 0 1 0 0 1 1 
0 1 0 0 0 1 0 1 0 0 1 1 
0 1 0 0 0 1 0 0 0 1 0 1 
0 1 0 0 1 0 0 0 0 1 1 1 
0 1 0 0 1 0 0 0 0 0 1 1 
0 1 0 0 0 0 0 0 0 0 1 1 
0 1 0 0 0 0 1 0 0 0 1 1 
0 1 0 0 0 0 1 0 1 0 1 1 
0 1 0 0 0 1 0 0 1 0 1 1 
0 1 0 0 0 1 0 0 1 0 1 1 
0 1 0 0 0 0 0 0 1 0 0 1 
1 1 0 1 0 1 0 0 1 1 0 1 
0 1 0 1 1 1 1 0 0 0 0 1 
0 0 0 0 0 1 1 0 1 0 0 0 
0 0 0 0 1 1 1 0 1 0 0 1 
0 0 0 0 1 1 1 1 0 0 0 1 
0 0 0 0 1 1 0 1 0 0 0 1 
0 0 0 0 1 1 0 1 0 0 0 1 
0 0 0 0 0 1 0 1 0 1 0 1 
Row permutation
36 39 42 34 27 20 58 54 63 43 8 53 0 17 7 51 11 46 47 28 52 32 33 35 41 10 59 45 60 40 4 1 16 30 26 48 37 25 23 2 62 24 12 44 5 6 38 15 13 14 29 55 49 3 21 50 22 19 31 56 61 18 9 57 
Total cost: 178290