0 0 0 0 0 1 1 0 1 0 0 0 
0 0 1 0 0 1 0 0 1 1 0 0 
0 0 0 0 0 1 0 1 0 1 0 1 
0 0 0 0 1 1 0 1 0 0 0 1 
0 0 0 0 1 1 0 1 0 0 0 1 
0 0 0 0 1 1 1 1 0 0 0 1 
0 0 0 0 1 1 1 0 1 0 0 1 
1 0 1 0 1 1 1 0 1 0 0 1 
0 0 1 0 1 0 1 0 1 0 0 1 
0 0 1 0 0 0 0 0 1 0 0 1 
0 0 1 0 0 0 0 0 1 0 0 1 
0 1 0 0 0 0 0 0 1 0 0 1 
1 1 0 0 0 0 0 0 1 0 0 1 
1 1 0 0 0 0 0 0 1 0 0 1 
1 1 0 0 0 0 1 0 1 0 0 1 
1 1 0 1 0 1 0 0 1 1 0 1 
0 1 0 1 1 1 1 0 0 0 0 1 
0 1 0 0 0 1 0 0 0 1 0 1 
0 1 0 0 0 1 0 1 0 0 1 1 
1 1 0 0 0 1 0 1 0 0 1 1 
0 1 1 0 0 1 0 1 0 0 1 1 
0 1 1 0 0 1 1 0 0 0 1 1 
0 1 0 0 0 1 0 0 1 0 1 1 
0 1 0 0 0 1 0 0 1 0 1 1 
0 1 0 0 0 0 0 0 0 0 1 1 
0 1 0 0 0 0 1 0 0 0 1 1 
0 1 0 0 0 0 1 0 1 0 1 1 
0 0 1 0 0 0 1 0 1 0 1 1 
1 0 1 1 0 1 1 0 0 0 1 1 
0 0 0 1 0 0 1 0 0 0 1 1 
1 0 0 0 1 0 1 0 0 0 1 1 
1 0 0 0 0 0 1 0 0 0 1 1 
1 0 1 0 0 0 1 0 0 0 1 1 
1 0 0 0 0 0 0 0 1 0 1 1 
1 0 0 1 0 0 0 0 0 0 0 0 
1 0 0 0 0 0 1 0 0 0 0 0 
1 0 0 0 0 1 1 0 0 0 0 1 
1 0 0 0 0 0 0 1 0 0 0 1 
1 0 0 0 0 0 0 0 1 0 0 0 
1 0 0 0 1 0 0 0 1 0 0 0 
1 1 0 0 1 0 0 0 0 1 0 0 
1 1 1 0 1 0 0 1 0 0 0 0 
1 1 1 0 1 0 0 0 1 0 0 0 
1 1 1 0 0 1 0 0 0 0 1 0 
1 0 1 0 0 1 0 1 0 1 1 0 
1 0 1 0 0 0 0 0 1 1 1 0 
0 0 1 0 0 0 1 0 1 0 1 0 
0 0 1 0 0 0 1 0 0 0 0 0 
0 0 1 0 0 0 1 0 0 0 0 0 
0 1 1 0 0 1 0 0 0 0 1 0 
0 0 1 1 0 0 0 1 0 1 1 0 
0 0 1 0 0 0 0 1 0 1 0 0 
0 0 1 0 0 0 0 1 0 1 0 0 
0 0 1 0 1 0 0 1 0 1 0 0 
0 0 1 0 0 0 0 0 0 1 0 0 
0 0 1 0 0 0 0 0 0 1 0 1 
0 0 1 0 0 0 0 0 0 1 1 1 
0 1 0 0 1 0 0 0 0 1 1 1 
0 1 0 0 1 0 0 0 0 0 1 1 
0 0 0 1 0 0 0 1 1 1 1 1 
0 0 1 0 0 0 0 1 1 1 0 1 
0 0 0 0 0 0 0 0 0 1 0 1 
1 0 0 1 0 0 0 0 0 1 0 1 
0 0 0 1 0 0 0 0 1 0 0 0 
Row permutation
31 59 57 18 9 61 56 52 28 41 35 50 58 20 54 22 19 15 38 6 24 12 3 21 29 55 49 33 7 17 0 53 11 42 63 8 51 43 39 34 30 26 27 5 62 1 32 47 46 44 2 37 48 25 45 60 4 13 14 23 10 40 16 36 
Total cost: 236410