0 1 1 1 0 1 1 1 1 0 1 1 
0 1 1 1 0 1 1 1 1 1 1 1 
0 1 1 1 1 1 1 1 1 1 1 1 
1 0 0 1 0 1 1 1 1 1 1 0 
1 0 1 0 0 1 1 1 0 0 1 1 
1 0 1 1 1 1 1 1 0 0 1 1 
1 0 1 1 1 0 1 1 1 1 1 1 
1 1 1 1 1 0 1 1 1 1 1 1 
1 1 1 1 0 1 1 0 1 1 1 1 
1 1 1 1 1 1 1 0 1 1 1 1 
1 1 0 1 1 0 1 0 1 1 1 1 
1 1 1 1 1 0 1 0 0 1 1 1 
1 1 1 1 1 1 1 0 0 1 1 0 
1 0 0 1 1 1 1 1 1 1 0 1 
1 1 1 1 1 1 1 0 0 1 1 1 
1 1 1 1 1 1 1 0 0 1 1 1 
1 1 1 1 1 1 1 0 0 1 1 1 
1 1 1 1 1 1 1 0 1 0 0 1 
1 1 1 1 1 1 1 0 1 1 0 1 
1 0 1 1 1 1 1 0 1 1 0 1 
1 1 1 1 1 1 1 0 0 1 1 1 
1 1 1 1 1 1 1 0 1 1 1 0 
1 1 0 0 1 1 1 1 1 1 0 1 
1 0 1 1 1 1 1 1 1 1 0 1 
1 1 1 1 1 1 1 1 1 1 1 0 
1 1 0 1 1 0 1 1 1 1 1 1 
1 1 0 1 1 0 1 1 1 1 1 1 
1 1 1 1 0 1 1 1 1 1 1 1 
1 1 1 1 0 1 1 1 1 0 1 1 
1 1 1 1 0 0 1 1 1 0 1 0 
1 1 1 0 1 0 1 1 1 1 1 0 
1 0 1 0 1 0 1 1 1 1 0 0 
1 1 1 0 0 1 0 1 0 1 0 1 
1 1 1 1 1 1 0 1 1 1 1 1 
1 1 1 1 1 1 0 1 0 1 1 1 
0 1 1 1 1 1 0 1 0 1 0 1 
0 1 1 1 1 1 0 1 1 1 0 1 
0 1 1 1 1 1 0 1 1 1 1 1 
0 1 1 1 1 1 0 1 1 0 1 0 
0 1 1 1 1 1 0 1 1 0 1 1 
0 1 1 1 1 1 0 1 1 1 1 1 
0 0 1 1 1 1 0 1 1 1 1 0 
0 0 1 1 1 1 0 1 1 1 1 0 
0 0 1 0 1 0 1 1 1 0 1 1 
0 1 0 1 1 1 1 1 0 1 1 1 
0 1 0 1 1 1 1 1 1 1 1 1 
0 1 0 1 1 0 1 1 1 1 1 0 
0 0 1 1 1 1 1 1 1 0 1 0 
0 1 0 1 1 0 1 1 1 0 1 1 
1 1 1 1 0 1 1 1 1 1 0 1 
1 1 1 0 1 1 1 1 1 1 0 1 
0 0 0 1 1 1 0 1 1 0 1 1 
1 1 1 1 1 1 0 1 1 1 1 0 
1 0 1 1 1 1 0 1 1 1 0 1 
1 0 1 0 1 1 0 0 1 1 0 1 
1 0 1 1 1 1 0 0 0 1 0 0 
1 0 1 1 0 1 0 0 1 1 1 0 
1 1 1 1 0 1 0 0 1 1 0 0 
1 1 0 1 1 1 0 1 1 1 0 0 
1 1 1 0 1 1 0 1 1 0 1 1 
0 0 1 0 1 1 1 0 1 1 1 0 
0 1 1 0 1 0 1 0 1 1 1 1 
0 1 1 1 1 1 1 0 1 1 1 0 
0 1 1 1 1 1 1 0 1 0 1 1 
Row permutation
20 32 55 16 54 57 29 30 61 46 37 43 49 41 34 39 40 14 31 62 4 15 42 44 60 48 26 11 9 50 51 63 10 27 5 59 45 28 0 8 58 47 7 23 1 21 25 17 24 2 19 56 12 36 38 13 35 18 3 33 6 22 53 52 
Total cost: 285570