0 0 1 0 1 0 1 1 1 0 1 1 
1 0 1 1 1 1 0 0 0 1 0 0 
1 1 0 1 1 1 0 1 1 1 0 0 
1 0 1 0 1 0 1 1 1 1 0 0 
1 0 0 1 1 1 1 1 1 1 0 1 
0 0 0 1 1 1 0 1 1 0 1 1 
0 1 1 1 1 1 1 0 1 0 1 1 
1 1 1 1 1 1 1 0 1 0 0 1 
0 1 1 1 1 1 0 1 1 0 1 1 
0 1 1 1 1 1 0 1 1 0 1 0 
0 0 1 1 1 1 1 1 1 0 1 0 
0 0 1 1 1 1 0 1 1 1 1 0 
0 0 1 1 1 1 0 1 1 1 1 0 
1 0 1 1 1 1 0 1 1 1 0 1 
1 0 1 1 1 1 1 1 1 1 0 1 
0 1 1 1 1 1 0 1 1 1 0 1 
0 1 1 1 1 1 0 1 1 1 1 1 
0 1 1 1 1 1 0 1 1 1 1 1 
0 1 1 1 1 1 0 1 0 1 0 1 
1 1 1 1 1 1 0 1 0 1 1 1 
1 1 1 1 1 1 0 1 1 1 1 1 
1 1 1 1 1 1 0 1 1 1 1 0 
1 1 1 1 1 1 1 1 1 1 1 0 
1 1 1 1 0 1 1 1 1 1 0 1 
1 1 1 1 1 1 1 0 1 1 0 1 
1 1 1 1 1 1 1 0 0 1 1 0 
1 1 1 1 1 1 1 0 0 1 1 1 
1 1 1 1 1 1 1 0 0 1 1 1 
1 1 1 1 1 0 1 0 0 1 1 1 
1 1 1 1 1 1 1 0 0 1 1 1 
1 1 1 1 1 1 1 0 0 1 1 1 
1 1 1 1 1 1 1 0 1 1 1 1 
1 1 1 1 0 1 1 0 1 1 1 1 
1 1 1 1 0 1 1 1 1 1 1 1 
1 1 1 1 1 1 1 0 1 1 1 0 
0 1 1 1 1 1 1 0 1 1 1 0 
0 1 1 0 1 0 1 0 1 1 1 1 
1 1 1 1 1 0 1 1 1 1 1 1 
1 1 0 1 1 0 1 0 1 1 1 1 
1 1 0 1 1 0 1 1 1 1 1 1 
1 1 0 1 1 0 1 1 1 1 1 1 
0 1 0 1 1 1 1 1 1 1 1 1 
0 1 0 1 1 1 1 1 0 1 1 1 
0 1 0 1 1 0 1 1 1 0 1 1 
0 1 0 1 1 0 1 1 1 1 1 0 
1 1 1 0 1 0 1 1 1 1 1 0 
1 1 1 1 0 0 1 1 1 0 1 0 
1 0 1 1 1 0 1 1 1 1 1 1 
1 0 1 1 1 1 1 1 0 0 1 1 
0 1 1 1 1 1 1 1 1 1 1 1 
0 1 1 1 0 1 1 1 1 1 1 1 
1 1 1 1 0 1 1 1 1 0 1 1 
0 1 1 1 0 1 1 1 1 0 1 1 
1 0 1 0 0 1 1 1 0 0 1 1 
1 1 1 0 1 1 0 1 1 0 1 1 
0 0 1 0 1 1 1 0 1 1 1 0 
1 0 1 1 0 1 0 0 1 1 1 0 
1 1 1 1 0 1 0 0 1 1 0 0 
1 0 1 0 1 1 0 0 1 1 0 1 
1 0 1 1 1 1 1 0 1 1 0 1 
1 1 1 0 1 1 1 1 1 1 0 1 
1 1 0 0 1 1 1 1 1 1 0 1 
1 0 0 1 0 1 1 1 1 1 1 0 
1 1 1 0 0 1 0 1 0 1 0 1 
Row permutation
23 13 3 63 41 56 52 14 8 0 17 7 47 36 44 45 28 58 59 5 27 12 60 2 31 49 4 34 43 39 40 46 61 11 15 53 22 30 37 26 48 21 1 24 25 51 50 29 57 55 32 9 20 54 33 6 35 18 38 62 19 42 16 10 
Total cost: 480050