0 0 1 0 0 0 0 0 1 0 0 0 
1 0 0 0 0 0 0 0 1 0 0 0 
1 0 0 1 0 0 0 0 1 0 1 0 
0 0 0 0 1 0 0 0 1 0 1 0 
0 0 1 0 0 0 1 0 1 0 1 0 
1 0 1 0 1 0 0 0 1 0 1 1 
0 0 0 0 0 0 1 1 0 1 1 1 
1 1 0 0 0 1 0 0 0 1 1 1 
1 1 0 0 0 1 0 0 0 0 1 1 
0 1 0 0 0 0 0 0 0 0 1 0 
0 1 0 0 0 0 0 0 1 0 0 0 
0 1 0 0 0 0 0 1 0 0 0 1 
0 1 0 0 0 0 0 1 0 1 0 1 
0 1 0 0 1 0 0 1 0 1 0 0 
0 1 1 0 0 0 1 1 0 0 0 0 
0 1 0 0 0 0 1 0 1 0 0 0 
0 1 0 0 0 1 1 1 0 0 0 0 
0 1 0 0 0 1 1 0 0 0 0 0 
0 1 0 0 0 1 0 0 0 0 0 0 
0 1 0 0 0 1 0 1 0 0 1 0 
1 1 0 1 0 1 0 1 0 0 1 0 
0 1 0 1 0 1 0 0 1 0 1 0 
0 1 0 1 0 1 0 0 1 0 1 0 
0 0 0 1 0 1 1 0 0 0 1 0 
0 0 0 1 0 0 1 0 0 0 1 0 
1 0 0 1 0 0 1 0 0 1 1 0 
0 0 1 1 0 0 1 0 0 1 1 0 
0 0 1 1 0 0 1 0 1 0 0 0 
0 0 0 1 0 0 1 0 1 0 0 0 
1 0 0 1 0 0 1 1 0 0 0 0 
0 0 0 1 0 0 1 0 0 1 0 0 
0 0 0 1 1 0 1 0 0 1 0 1 
0 0 1 1 0 0 1 0 0 1 0 1 
0 1 1 1 0 0 1 1 0 1 0 1 
0 0 0 1 0 1 1 1 0 1 0 1 
1 0 0 1 0 1 1 0 1 1 0 0 
1 0 0 1 0 1 1 0 0 1 0 1 
1 0 0 1 0 0 1 0 0 1 1 1 
1 1 0 1 0 0 1 0 0 1 1 0 
1 0 0 1 0 0 0 0 0 0 1 0 
1 0 1 1 1 0 0 0 1 0 1 0 
1 1 0 1 1 0 0 0 1 0 0 0 
1 1 0 1 1 0 0 1 0 0 0 0 
0 0 0 1 1 1 0 0 0 0 0 1 
0 0 0 1 0 1 0 1 0 0 0 1 
0 0 0 1 0 0 0 0 0 0 0 1 
1 0 0 1 0 0 0 1 0 1 0 1 
1 0 0 1 0 1 0 1 1 0 0 1 
0 1 0 1 0 1 0 1 1 0 0 1 
0 1 0 1 1 0 0 1 1 0 0 1 
0 1 0 1 1 0 1 0 1 0 0 1 
0 1 1 1 1 0 0 0 0 0 0 1 
0 0 1 0 1 0 0 1 0 0 1 1 
0 1 1 0 1 0 1 0 0 0 0 1 
0 0 1 0 1 1 1 0 1 0 0 1 
0 0 0 0 1 0 1 0 1 0 0 1 
0 0 0 0 1 0 1 0 0 0 0 1 
0 0 0 0 1 0 1 0 0 0 0 1 
1 0 0 1 1 0 1 1 0 0 0 1 
1 0 0 0 1 0 1 1 0 0 0 0 
1 1 0 0 1 1 1 1 0 0 0 1 
1 0 0 0 1 1 0 1 0 0 0 1 
0 0 0 0 1 0 1 0 0 0 1 1 
0 0 0 0 1 0 0 0 0 0 0 1 
0 0 0 1 1 0 0 1 0 0 0 0 
0 0 1 1 0 1 0 1 0 0 0 0 
1 0 1 1 0 0 0 0 0 0 0 0 
0 1 0 1 0 0 0 0 0 1 0 0 
1 0 1 0 0 0 0 0 0 1 0 0 
0 0 0 0 0 0 1 0 0 0 0 0 
0 0 0 0 0 0 1 0 0 0 0 0 
0 0 0 0 1 0 0 0 0 0 0 0 
Row permutation
39 40 46 64 26 62 24 50 49 13 71 58 21 16 32 14 66 34 30 43 51 70 69 18 15 48 25 20 2 3 12 61 47 6 17 9 7 27 10 45 44 41 68 36 29 38 22 23 56 11 54 28 59 19 63 60 53 57 0 4 1 8 5 52 35 37 67 42 31 33 65 55 
Total cost: 267450