0 0 1 0 0 0 0 0 1 0 0 0 
0 1 0 0 0 0 0 0 1 0 0 0 
0 1 0 0 1 0 0 1 0 1 0 0 
0 1 1 0 0 0 1 1 0 0 0 0 
0 1 0 0 0 1 1 0 0 0 0 0 
0 1 0 0 0 0 1 0 1 0 0 0 
0 0 0 1 0 0 1 0 1 0 0 0 
0 0 1 1 0 0 1 0 1 0 0 0 
0 0 1 0 0 0 1 0 1 0 1 0 
0 0 1 1 0 0 1 0 0 1 1 0 
0 0 1 1 0 0 1 0 0 1 0 1 
0 0 0 1 1 0 1 0 0 1 0 1 
0 0 0 1 0 0 1 0 0 1 0 0 
0 1 0 1 0 0 0 0 0 1 0 0 
1 1 0 1 0 0 1 0 0 1 1 0 
1 0 0 1 0 0 1 0 0 1 1 1 
1 0 0 1 0 0 1 0 0 1 1 0 
0 0 0 1 0 0 1 0 0 0 1 0 
0 0 0 1 0 1 1 0 0 0 1 0 
0 1 0 1 0 1 0 0 1 0 1 0 
0 1 0 1 0 1 0 0 1 0 1 0 
1 1 0 1 0 1 0 1 0 0 1 0 
0 1 0 0 0 1 0 1 0 0 1 0 
0 1 0 0 0 1 0 0 0 0 0 0 
1 1 0 0 0 1 0 0 0 1 1 1 
1 1 0 0 0 1 0 0 0 0 1 1 
0 1 0 0 0 0 0 0 0 0 1 0 
1 0 0 1 0 0 0 0 0 0 1 0 
1 0 0 1 0 0 0 0 1 0 1 0 
1 0 1 1 1 0 0 0 1 0 1 0 
0 0 0 1 1 0 0 1 0 0 0 0 
1 1 0 1 1 0 0 1 0 0 0 0 
1 1 0 1 1 0 0 0 1 0 0 0 
1 0 0 0 0 0 0 0 1 0 0 0 
1 0 1 0 0 0 0 0 0 1 0 0 
1 0 1 1 0 0 0 0 0 0 0 0 
1 0 0 1 0 0 1 1 0 0 0 0 
1 0 0 1 0 1 1 0 1 1 0 0 
1 0 0 1 0 1 1 0 0 1 0 1 
0 0 0 0 0 0 1 1 0 1 1 1 
1 0 0 1 0 0 0 1 0 1 0 1 
1 0 0 1 1 0 1 1 0 0 0 1 
1 0 0 0 1 0 1 1 0 0 0 0 
1 1 0 0 1 1 1 1 0 0 0 1 
1 0 0 0 1 1 0 1 0 0 0 1 
1 0 0 1 0 1 0 1 1 0 0 1 
0 0 0 1 0 1 0 1 0 0 0 1 
0 0 1 1 0 1 0 1 0 0 0 0 
0 0 0 1 0 1 1 1 0 1 0 1 
0 1 0 1 0 1 0 1 1 0 0 1 
0 1 0 0 0 1 1 1 0 0 0 0 
0 1 1 1 0 0 1 1 0 1 0 1 
0 1 0 0 0 0 0 1 0 1 0 1 
0 1 0 0 0 0 0 1 0 0 0 1 
0 1 0 1 1 0 0 1 1 0 0 1 
0 1 0 1 1 0 1 0 1 0 0 1 
0 1 1 1 1 0 0 0 0 0 0 1 
0 0 0 1 0 0 0 0 0 0 0 1 
0 0 0 1 1 1 0 0 0 0 0 1 
0 0 0 0 1 0 0 0 0 0 0 0 
0 0 0 0 1 0 0 0 0 0 0 1 
0 0 1 0 1 0 0 1 0 0 1 1 
1 0 1 0 1 0 0 0 1 0 1 1 
0 0 0 0 1 0 0 0 1 0 1 0 
0 0 0 0 1 0 1 0 0 0 1 1 
0 1 1 0 1 0 1 0 0 0 0 1 
0 0 1 0 1 1 1 0 1 0 0 1 
0 0 0 0 1 0 1 0 1 0 0 1 
0 0 0 0 1 0 1 0 0 0 0 1 
0 0 0 0 1 0 1 0 0 0 0 1 
0 0 0 0 0 0 1 0 0 0 0 0 
0 0 0 0 0 0 1 0 0 0 0 0 
Row permutation
39 71 16 32 34 14 2 20 26 25 47 61 12 42 10 27 48 15 18 69 70 51 43 30 50 49 13 45 46 44 35 68 41 40 31 67 3 9 7 24 22 0 4 1 8 23 29 37 17 56 66 6 21 58 11 54 28 38 36 55 52 59 62 64 5 19 63 60 53 57 33 65 
Total cost: 203920