1 0 1 1 1 0 1 1 1 0 1 0 
1 0 1 1 1 0 1 0 1 0 1 0 
1 1 1 0 0 0 1 1 1 0 1 0 
1 1 1 1 0 1 1 1 1 0 0 1 
1 0 1 1 0 1 0 1 0 0 0 1 
1 1 1 1 0 1 1 1 0 0 1 1 
1 1 1 0 0 1 1 0 1 0 1 1 
1 1 1 0 1 0 1 1 1 0 1 0 
1 0 1 1 1 1 1 0 1 1 1 0 
1 1 1 1 1 1 1 0 1 1 1 0 
1 1 1 1 1 1 1 0 1 1 1 1 
1 1 1 1 1 1 1 1 1 1 1 1 
1 1 1 1 1 0 1 1 1 1 1 1 
1 1 1 0 1 1 1 0 1 0 1 1 
1 1 1 0 1 1 0 1 1 1 1 0 
1 1 1 1 0 1 1 1 1 1 1 1 
1 0 1 1 1 1 1 1 0 1 1 1 
1 1 1 1 0 1 1 1 1 1 1 1 
1 1 1 1 0 1 1 1 1 1 1 0 
1 1 1 1 0 1 1 1 1 1 1 0 
1 0 1 1 1 1 1 1 1 0 1 1 
1 1 1 1 0 1 1 1 1 1 0 0 
1 0 1 1 1 0 1 1 1 1 0 1 
1 1 1 1 0 1 1 1 0 1 0 1 
1 1 1 1 1 1 1 1 1 1 0 1 
1 1 1 1 1 1 1 0 1 1 0 1 
1 1 1 1 0 1 1 0 1 1 0 1 
1 0 1 1 0 1 1 1 1 1 0 1 
1 1 0 1 1 1 1 1 1 1 0 1 
1 0 1 1 1 1 1 0 1 0 0 1 
1 1 1 1 0 1 1 1 1 1 0 0 
1 0 1 0 1 1 1 1 1 1 0 1 
1 1 0 1 1 1 1 1 1 1 0 0 
1 1 0 1 1 1 1 1 1 1 0 0 
1 1 0 1 1 1 1 1 1 1 0 0 
1 1 0 0 1 1 1 0 1 0 0 0 
1 1 0 1 1 1 1 0 1 1 0 1 
1 1 0 1 1 0 1 0 1 1 0 1 
1 1 0 0 1 1 0 1 1 1 0 1 
1 1 0 0 1 0 1 0 1 1 0 1 
1 1 0 1 1 0 1 1 1 0 1 1 
1 1 0 1 1 0 1 1 1 1 1 1 
1 1 0 1 1 1 0 1 1 1 1 1 
1 1 0 1 1 1 0 1 1 1 1 1 
0 1 0 1 1 1 1 0 1 1 0 1 
1 1 0 1 1 1 1 1 0 1 1 1 
1 1 0 1 1 1 0 1 1 1 1 1 
1 1 0 1 1 1 1 1 1 0 0 1 
1 1 0 1 0 1 1 1 1 1 1 1 
1 1 0 1 1 1 1 1 1 1 1 1 
1 1 0 0 0 0 1 1 0 1 1 1 
1 0 0 1 0 1 1 1 1 1 1 1 
1 1 0 0 1 1 1 1 1 1 1 0 
1 1 0 1 1 1 1 1 1 1 1 0 
1 1 0 1 1 1 1 1 1 0 1 0 
1 1 0 0 1 1 1 1 1 0 1 1 
1 1 1 0 1 1 1 1 1 1 1 1 
1 0 1 0 1 1 1 1 1 1 1 1 
1 1 1 1 1 1 0 0 1 1 1 1 
0 0 1 0 1 1 1 1 1 1 1 1 
0 1 1 1 0 1 1 0 1 1 1 0 
1 0 1 1 1 1 0 1 1 1 1 1 
1 0 1 1 1 1 0 1 1 1 1 0 
1 0 1 1 1 1 1 1 1 1 1 1 
0 1 1 0 1 1 1 1 1 1 1 1 
0 1 1 0 1 1 1 1 1 1 1 0 
0 0 1 0 1 1 1 0 1 1 1 1 
0 0 1 0 1 0 1 0 1 1 1 1 
0 0 1 0 0 0 1 0 1 1 0 1 
0 0 1 0 1 0 0 1 1 1 1 1 
0 0 1 0 1 1 0 0 0 1 1 0 
0 1 1 0 0 1 0 0 1 1 1 1 
Row permutation
8 26 27 56 44 51 10 31 11 55 62 28 58 29 23 45 65 48 25 64 40 38 1 60 15 39 16 6 53 30 33 17 52 49 19 46 43 50 4 57 9 70 13 66 42 32 2 3 54 61 59 18 12 5 41 67 21 20 47 68 0 63 14 22 24 34 7 35 71 37 36 69 
Total cost: 309310