0 1 0 1 1 1 1 0 1 1 0 1 
1 1 1 1 1 1 0 0 1 1 1 1 
1 1 0 1 1 1 0 1 1 1 1 1 
1 1 0 1 1 1 1 1 0 1 1 1 
1 1 0 0 0 0 1 1 0 1 1 1 
1 1 1 1 0 1 1 1 0 0 1 1 
1 1 1 0 1 0 1 1 1 0 1 0 
1 1 1 0 0 0 1 1 1 0 1 0 
1 1 1 1 0 1 1 1 1 1 1 0 
1 1 0 1 1 1 1 1 1 0 1 0 
1 1 0 1 1 0 1 1 1 0 1 1 
1 1 0 1 1 0 1 1 1 1 1 1 
1 1 1 1 1 0 1 1 1 1 1 1 
1 1 1 1 1 1 1 1 1 1 1 1 
1 1 1 1 1 1 1 0 1 1 1 1 
1 1 1 1 1 1 1 0 1 1 1 0 
1 0 1 1 1 1 1 0 1 1 1 0 
1 0 1 1 1 0 1 0 1 0 1 0 
1 0 1 1 1 0 1 1 1 0 1 0 
1 0 1 1 1 1 1 1 1 0 1 1 
1 0 1 1 1 1 0 1 1 1 1 0 
1 0 1 1 1 1 0 1 1 1 1 1 
1 0 1 1 1 1 1 1 1 1 1 1 
1 0 1 1 1 1 1 1 0 1 1 1 
0 0 1 0 1 1 1 1 1 1 1 1 
1 0 1 0 1 1 1 1 1 1 1 1 
1 1 1 0 1 1 1 1 1 1 1 1 
0 1 1 0 1 1 1 1 1 1 1 1 
1 1 0 1 1 1 1 1 1 1 1 1 
1 1 0 1 1 1 1 1 1 1 1 0 
1 1 0 1 1 1 0 1 1 1 1 1 
1 1 0 1 1 1 0 1 1 1 1 1 
1 1 0 0 1 1 1 1 1 1 1 0 
0 1 1 0 1 1 1 1 1 1 1 0 
1 1 1 0 1 1 0 1 1 1 1 0 
1 1 0 0 1 1 0 1 1 1 0 1 
1 1 0 1 1 1 1 1 1 1 0 0 
1 1 0 1 1 1 1 1 1 1 0 0 
1 1 0 1 1 1 1 1 1 1 0 0 
1 1 1 1 1 1 1 1 1 1 0 1 
1 1 0 1 1 1 1 1 1 1 0 1 
1 1 1 1 0 1 1 1 0 1 0 1 
1 0 1 1 0 1 1 1 1 1 0 1 
1 0 0 1 0 1 1 1 1 1 1 1 
1 1 0 1 0 1 1 1 1 1 1 1 
1 1 1 1 0 1 1 1 1 1 1 1 
1 1 1 1 0 1 1 1 1 1 1 1 
1 1 1 1 0 1 1 1 1 1 0 0 
1 1 1 1 0 1 1 1 1 1 0 0 
1 1 1 1 0 1 1 1 1 1 1 0 
0 1 1 1 0 1 1 0 1 1 1 0 
1 1 1 1 0 1 1 0 1 1 0 1 
1 1 1 0 1 1 1 0 1 0 1 1 
1 1 0 0 1 1 1 0 1 0 0 0 
1 1 0 0 1 0 1 0 1 1 0 1 
1 1 0 1 1 0 1 0 1 1 0 1 
1 1 1 1 1 1 1 0 1 1 0 1 
1 1 0 1 1 1 1 0 1 1 0 1 
1 1 0 1 1 1 1 1 1 0 0 1 
1 1 0 0 1 1 1 1 1 0 1 1 
1 1 1 0 0 1 1 0 1 0 1 1 
1 1 1 1 0 1 1 1 1 0 0 1 
1 0 1 1 1 1 1 0 1 0 0 1 
1 0 1 0 1 1 1 1 1 1 0 1 
1 0 1 1 1 0 1 1 1 1 0 1 
0 0 1 0 1 0 1 0 1 1 1 1 
0 0 1 0 0 0 1 0 1 1 0 1 
0 0 1 0 1 1 1 0 1 1 1 1 
0 1 1 0 0 1 0 0 1 1 1 1 
0 0 1 0 1 0 0 1 1 1 1 1 
0 0 1 0 1 1 0 0 0 1 1 0 
1 0 1 1 0 1 0 1 0 0 0 1 
Row permutation
42 47 66 32 59 51 31 27 25 41 9 70 58 28 62 55 11 26 8 40 14 63 22 65 68 20 21 24 61 5 13 2 12 34 23 4 19 49 52 15 53 60 6 18 54 45 48 33 38 64 0 16 29 46 57 50 39 43 3 67 10 56 30 17 1 35 71 7 69 37 36 44 
Total cost: 534290