1 0 0 0 1 0 0 0 0 0 0 0 
1 0 0 1 0 0 0 0 0 0 0 0 
1 0 0 1 0 0 0 0 1 0 0 0 
1 1 0 1 0 0 0 0 1 0 0 1 
0 1 0 1 0 0 0 0 1 0 0 1 
0 0 0 1 0 0 0 0 1 0 0 1 
0 0 0 1 0 1 0 1 0 0 0 1 
0 0 0 1 0 1 0 0 0 0 0 1 
0 0 0 1 0 0 1 0 0 1 0 1 
0 0 0 0 0 0 0 0 0 1 0 1 
0 1 0 0 0 1 0 0 0 1 0 1 
0 0 0 0 0 1 0 0 0 1 0 0 
0 0 0 0 0 0 0 1 0 1 0 0 
0 0 0 1 0 0 0 1 1 1 1 0 
0 0 0 1 1 0 0 1 0 1 1 1 
0 1 1 0 1 0 0 1 0 1 0 1 
0 1 1 0 0 0 0 0 0 1 1 1 
0 1 0 0 0 0 0 0 0 1 1 1 
0 1 0 0 1 0 0 0 0 0 1 1 
0 1 0 0 0 0 0 0 1 0 1 1 
0 1 0 0 0 0 0 0 0 0 1 1 
0 1 0 1 0 0 0 0 0 0 1 1 
0 1 0 1 0 1 0 0 0 0 1 1 
0 1 0 1 0 1 0 0 1 0 1 1 
1 1 0 1 0 1 0 0 0 0 0 1 
1 1 1 0 0 1 0 0 0 0 0 1 
1 1 0 0 0 0 0 0 0 0 0 1 
1 1 0 0 1 0 0 0 0 0 0 1 
0 1 0 0 1 0 0 0 1 0 0 1 
1 1 0 0 1 0 0 0 0 0 0 1 
1 1 1 0 1 0 0 0 0 0 0 1 
0 0 0 1 1 1 1 0 0 0 0 1 
0 0 0 0 1 1 1 0 1 0 0 1 
0 0 1 0 1 1 1 0 1 0 0 1 
0 0 1 0 1 1 1 0 0 0 0 1 
0 0 0 0 0 1 1 0 0 0 0 1 
0 0 1 0 0 0 1 0 0 0 1 1 
0 0 1 0 0 0 1 0 0 1 1 1 
0 0 1 0 0 0 1 0 0 1 0 1 
1 0 1 0 0 0 1 0 0 0 0 1 
1 0 1 0 0 0 1 0 0 0 1 1 
1 0 1 0 1 0 1 0 0 0 1 1 
1 0 1 0 1 0 1 0 0 0 0 1 
0 0 1 0 1 0 1 0 0 0 0 1 
0 0 0 0 1 0 1 0 0 0 1 1 
0 0 0 0 0 0 1 0 0 0 1 1 
0 1 0 0 0 1 1 0 0 0 1 0 
0 0 1 0 0 1 0 0 0 0 1 0 
0 0 1 0 0 0 1 0 0 0 1 0 
0 0 0 0 0 0 1 0 0 0 1 1 
0 1 0 0 0 1 0 1 0 0 1 1 
0 1 0 1 0 1 0 1 0 0 1 1 
0 0 0 0 0 1 0 1 0 0 0 1 
0 0 0 0 1 1 0 1 0 0 0 0 
0 0 0 0 1 1 0 1 0 0 0 0 
1 0 0 0 0 1 0 1 0 0 0 0 
1 0 0 0 0 1 0 1 0 1 0 1 
1 0 0 0 1 1 1 1 0 0 0 1 
1 0 1 0 1 1 1 0 1 0 0 1 
1 0 0 1 0 1 0 0 1 0 1 1 
1 0 0 1 0 1 0 0 1 0 0 1 
1 0 0 1 0 1 0 0 1 0 0 1 
1 0 0 1 0 1 1 0 0 0 0 1 
0 0 1 1 0 1 1 0 0 0 0 1 
0 0 1 1 0 1 0 0 1 1 0 0 
0 0 1 1 0 1 0 0 1 0 0 1 
0 0 1 1 0 0 0 0 0 0 0 1 
0 0 1 0 0 0 0 0 1 0 0 1 
0 0 1 0 1 0 0 0 1 1 1 1 
1 0 1 0 0 0 0 0 1 1 1 0 
0 0 1 0 0 0 0 1 1 1 0 0 
1 0 1 0 0 0 0 1 0 1 0 0 
0 0 1 0 0 0 0 1 0 1 0 0 
0 0 1 0 1 0 0 1 0 1 0 0 
0 0 1 0 1 0 0 0 0 1 0 0 
0 0 1 0 1 1 0 0 0 1 0 0 
1 1 1 0 1 1 0 0 0 0 1 0 
0 1 1 0 0 1 0 0 0 0 1 0 
0 1 1 0 1 1 0 0 0 0 1 0 
0 1 0 0 0 0 0 0 0 0 1 0 
Row permutation
37 39 66 61 53 57 60 75 73 19 18 43 1 5 26 77 76 16 32 52 17 58 2 6 25 74 23 33 0 29 30 22 59 55 78 34 36 71 72 50 14 3 49 31 11 20 15 65 35 56 9 41 21 12 68 46 70 64 67 45 42 54 69 10 62 44 63 38 7 4 13 40 79 51 28 48 8 47 27 24 
Total cost: 293840