0 0 1 1 0 0 0 0 0 0 0 1 
0 1 0 1 0 0 0 0 1 0 0 1 
1 0 0 1 0 0 0 0 0 0 0 0 
1 1 0 1 0 0 0 0 1 0 0 1 
1 0 0 0 1 0 0 0 0 0 0 0 
1 1 0 0 1 0 0 0 0 0 0 1 
1 1 0 0 0 0 0 0 0 0 0 1 
1 1 0 0 1 0 0 0 0 0 0 1 
1 1 1 0 0 1 0 0 0 0 0 1 
1 1 1 0 1 0 0 0 0 0 0 1 
0 1 0 0 1 0 0 0 1 0 0 1 
0 0 1 0 0 0 0 0 1 0 0 1 
0 0 1 0 1 1 1 0 1 0 0 1 
0 0 0 0 1 1 1 0 1 0 0 1 
0 0 1 0 1 1 1 0 0 0 0 1 
1 0 1 0 1 1 1 0 1 0 0 1 
1 0 1 0 1 0 1 0 0 0 0 1 
0 0 1 0 1 0 1 0 0 0 0 1 
1 0 1 0 1 0 1 0 0 0 1 1 
0 0 0 0 1 0 1 0 0 0 1 1 
1 0 1 0 0 0 1 0 0 0 0 1 
1 0 1 0 0 0 1 0 0 0 1 1 
0 0 1 0 0 0 1 0 0 0 1 1 
0 0 1 0 0 0 1 0 0 0 1 0 
0 0 0 0 0 0 1 0 0 0 1 1 
0 0 1 0 0 0 1 0 0 1 1 1 
0 0 1 0 0 0 1 0 0 1 0 1 
0 0 0 1 0 0 1 0 0 1 0 1 
0 0 0 1 1 0 0 1 0 1 1 1 
0 0 1 0 1 0 0 0 1 1 1 1 
1 0 1 0 0 0 0 0 1 1 1 0 
0 1 1 0 0 0 0 0 0 1 1 1 
0 1 0 0 0 0 0 0 0 1 1 1 
0 1 0 0 0 0 0 0 1 0 1 1 
0 1 0 0 1 0 0 0 0 0 1 1 
0 1 0 0 0 0 0 0 0 0 1 1 
0 1 1 0 1 1 0 0 0 0 1 0 
1 1 1 0 1 1 0 0 0 0 1 0 
0 1 1 0 0 1 0 0 0 0 1 0 
0 0 1 0 0 1 0 0 0 0 1 0 
0 0 0 0 0 0 1 0 0 0 1 1 
0 1 0 0 0 1 1 0 0 0 1 0 
0 1 0 0 0 1 0 0 0 1 0 1 
0 1 0 0 0 1 0 1 0 0 1 1 
0 1 0 1 0 1 0 1 0 0 1 1 
1 1 0 1 0 1 0 0 0 0 0 1 
0 1 0 1 0 1 0 0 0 0 1 1 
0 1 0 1 0 0 0 0 0 0 1 1 
0 1 0 1 0 1 0 0 1 0 1 1 
1 0 0 1 0 1 0 0 1 0 1 1 
1 0 0 1 0 1 0 0 1 0 0 1 
1 0 0 1 0 1 0 0 1 0 0 1 
1 0 0 1 0 0 0 0 1 0 0 0 
0 0 1 1 0 1 0 0 1 0 0 1 
0 0 1 1 0 1 0 0 1 1 0 0 
0 0 0 1 0 0 0 0 1 0 0 1 
0 0 0 1 0 1 0 0 0 0 0 1 
0 0 1 1 0 1 1 0 0 0 0 1 
0 0 0 1 1 1 1 0 0 0 0 1 
1 0 0 1 0 1 1 0 0 0 0 1 
0 0 0 0 0 1 1 0 0 0 0 1 
0 0 0 0 0 1 0 1 0 0 0 1 
0 0 0 1 0 1 0 1 0 0 0 1 
1 0 0 0 1 1 1 1 0 0 0 1 
1 0 0 0 0 1 0 1 0 0 0 0 
0 0 0 0 1 1 0 1 0 0 0 0 
0 0 0 0 1 1 0 1 0 0 0 0 
0 0 1 0 1 1 0 0 0 1 0 0 
0 0 1 0 1 0 0 0 0 1 0 0 
0 1 1 0 1 0 0 1 0 1 0 1 
0 0 1 0 1 0 0 1 0 1 0 0 
0 0 1 0 0 0 0 1 0 1 0 0 
0 0 0 0 0 0 0 1 0 1 0 0 
1 0 1 0 0 0 0 1 0 1 0 0 
0 0 1 0 0 0 0 1 1 1 0 0 
0 0 0 1 0 0 0 1 1 1 1 0 
1 0 0 0 0 1 0 1 0 1 0 1 
0 0 0 0 0 1 0 0 0 1 0 0 
0 0 0 0 0 0 0 0 0 1 0 1 
0 1 0 0 0 0 0 0 0 0 1 0 
Row permutation
63 53 39 61 37 33 23 29 74 30 0 38 55 59 78 67 49 31 3 11 50 14 36 35 20 71 72 73 26 7 4 76 16 52 32 17 27 8 47 65 56 15 18 9 41 25 2 58 6 45 42 54 66 44 62 57 75 10 22 69 34 21 60 64 46 68 12 48 28 77 51 79 1 40 13 5 70 43 19 24 
Total cost: 213580