0 0 0 0 1 1 0 0 0 0 1 1 
1 0 0 0 1 1 0 1 0 0 1 0 
1 0 1 0 1 1 0 1 0 1 1 0 
1 1 1 1 1 1 1 1 0 1 1 0 
1 1 0 1 1 1 1 1 0 1 1 0 
1 1 0 1 0 1 1 1 0 1 0 1 
1 1 0 1 1 1 1 1 0 0 1 1 
1 1 0 1 1 1 1 1 0 0 1 1 
1 1 0 1 1 1 1 1 0 0 1 1 
1 1 0 1 1 1 1 0 0 1 1 1 
1 0 0 1 1 1 1 0 1 0 1 1 
1 0 0 1 1 1 1 0 1 1 1 1 
1 0 0 1 1 1 1 0 0 1 1 1 
1 0 0 1 1 1 1 0 0 1 1 1 
1 0 0 1 1 1 1 0 0 1 1 1 
1 0 1 1 1 1 1 0 1 1 1 1 
1 1 1 0 1 1 1 0 1 1 1 1 
1 0 1 1 1 1 1 0 1 1 1 1 
1 1 1 1 1 1 1 0 1 1 1 0 
1 1 1 1 0 1 1 0 1 1 1 1 
0 1 1 1 1 1 1 0 1 1 1 1 
1 1 0 1 1 1 1 0 1 1 1 1 
1 0 1 1 1 1 1 0 1 1 1 1 
1 1 1 1 1 1 1 0 1 1 1 1 
1 1 1 1 1 1 0 0 1 1 1 1 
1 1 0 1 1 1 1 0 0 1 1 1 
1 0 1 0 1 1 1 0 1 1 1 0 
1 0 1 1 1 0 1 0 1 0 1 1 
1 1 1 0 1 1 1 0 1 0 1 1 
0 1 1 1 1 1 1 1 1 1 1 1 
0 1 1 1 1 1 1 1 1 1 1 0 
1 1 1 1 1 0 0 1 1 1 1 0 
1 1 1 1 0 1 1 1 1 1 0 1 
0 1 1 1 1 1 1 1 1 0 1 1 
0 1 0 1 1 1 1 1 1 1 1 1 
0 1 1 1 1 1 1 1 1 1 1 1 
0 1 1 1 1 1 0 1 1 1 1 1 
0 1 1 1 1 1 0 0 1 1 1 1 
0 1 1 1 1 1 0 0 1 1 1 1 
0 1 1 1 1 1 0 0 1 1 1 1 
0 1 1 1 1 1 0 0 1 0 1 1 
0 1 1 1 1 1 0 0 1 0 1 1 
0 1 1 1 1 1 1 0 1 0 1 1 
0 1 1 1 1 1 1 0 1 1 1 1 
0 0 1 0 1 1 1 0 1 1 1 0 
0 1 1 1 1 0 1 1 1 1 1 1 
0 1 1 1 1 0 1 1 1 1 1 1 
0 1 1 1 1 0 1 1 1 1 1 1 
1 0 1 1 1 0 1 1 1 1 1 1 
0 0 1 1 1 1 1 1 1 1 1 1 
1 1 0 1 0 1 1 1 1 0 1 1 
1 1 1 0 0 1 1 1 0 1 1 1 
1 1 1 1 0 0 1 1 1 1 1 1 
1 1 1 1 1 1 1 1 0 0 1 1 
1 1 1 1 1 1 1 1 0 0 1 1 
1 1 1 1 1 1 0 1 1 1 1 1 
1 1 1 1 1 1 0 1 1 1 1 1 
1 1 1 1 1 1 0 1 0 1 1 1 
1 1 1 1 0 1 0 1 1 1 1 1 
1 1 1 1 0 1 0 1 1 1 1 1 
1 1 1 1 0 1 1 1 1 1 0 1 
1 1 1 1 0 1 1 1 1 1 0 1 
1 1 1 1 0 1 1 1 1 1 0 1 
1 1 1 1 0 1 1 1 1 1 0 1 
0 1 1 1 0 0 1 1 1 1 0 1 
1 1 1 1 0 0 1 1 1 1 0 1 
1 1 1 1 0 0 1 1 1 1 0 1 
1 1 1 0 0 0 1 1 1 1 0 1 
1 1 1 0 0 0 1 1 1 1 0 1 
1 1 1 0 0 0 1 1 1 1 0 0 
1 1 1 0 1 0 1 1 1 1 0 0 
1 0 1 0 1 0 1 1 1 1 0 0 
1 1 1 0 1 0 1 1 1 1 0 1 
1 1 1 0 1 0 1 1 1 1 1 1 
1 0 1 0 1 0 1 0 0 1 1 0 
1 1 1 0 1 1 1 1 0 0 1 0 
1 1 1 1 1 1 0 1 1 0 1 0 
1 1 1 1 0 1 0 0 1 0 1 0 
0 1 1 1 0 1 0 0 1 0 1 0 
1 1 0 1 0 0 0 1 0 1 1 0 
Row permutation
55 2 15 72 9 62 28 43 58 39 54 26 33 35 41 31 6 53 5 0 19 42 24 10 29 51 32 68 75 50 8 70 7 48 27 44 67 63 20 13 34 18 78 22 40 16 45 46 17 1 66 74 59 71 21 4 76 60 73 65 77 47 37 14 12 57 30 25 52 38 61 69 3 56 23 64 11 36 49 79 
Total cost: 336290