0 0 1 0 1 1 1 0 1 1 1 0 
0 1 1 1 0 0 1 1 1 1 0 1 
1 1 1 0 1 0 1 1 1 1 0 0 
1 0 1 0 1 0 1 1 1 1 0 0 
1 1 1 0 0 0 1 1 1 1 0 0 
1 1 1 0 0 0 1 1 1 1 0 1 
1 1 1 0 0 0 1 1 1 1 0 1 
1 1 1 0 1 0 1 1 1 1 0 1 
1 1 0 1 0 1 1 1 0 1 0 1 
1 1 1 0 0 1 1 1 0 1 1 1 
1 1 1 1 0 0 1 1 1 1 0 1 
1 1 1 1 0 1 1 1 1 1 0 1 
1 1 1 1 0 1 1 1 1 1 0 1 
1 1 1 1 0 1 1 1 1 1 0 1 
1 1 1 1 0 1 1 1 1 1 0 1 
1 1 1 1 0 1 1 1 1 1 0 1 
1 1 1 1 0 1 0 1 1 1 1 1 
1 1 1 1 1 1 0 0 1 1 1 1 
0 1 1 1 1 1 0 0 1 0 1 1 
0 1 1 1 1 1 0 1 1 1 1 1 
1 1 1 1 1 1 0 1 1 1 1 1 
0 1 1 1 1 1 0 0 1 1 1 1 
0 1 1 1 1 1 0 0 1 1 1 1 
0 1 1 1 1 1 0 0 1 1 1 1 
0 1 1 1 1 1 1 0 1 1 1 1 
0 1 1 1 1 1 1 0 1 1 1 1 
0 1 1 1 1 1 1 1 1 1 1 1 
0 1 1 1 1 0 1 1 1 1 1 1 
0 1 1 1 1 1 1 1 1 1 1 1 
0 1 1 1 1 0 1 1 1 1 1 1 
0 1 1 1 1 0 1 1 1 1 1 1 
1 1 1 0 1 0 1 1 1 1 1 1 
1 1 1 1 1 1 0 1 1 1 1 1 
1 1 1 1 0 1 0 1 1 1 1 1 
1 1 1 1 0 0 1 1 1 1 0 1 
1 1 1 1 0 0 1 1 1 1 1 1 
1 0 1 1 1 1 1 0 1 1 1 1 
1 0 1 1 1 0 1 0 1 0 1 1 
1 0 1 1 1 0 1 1 1 1 1 1 
1 0 1 1 1 1 1 0 1 1 1 1 
1 0 1 1 1 1 1 0 1 1 1 1 
1 0 0 1 1 1 1 0 1 1 1 1 
1 0 0 1 1 1 1 0 0 1 1 1 
1 0 0 1 1 1 1 0 0 1 1 1 
1 0 0 1 1 1 1 0 0 1 1 1 
1 1 0 1 1 1 1 0 1 1 1 1 
1 1 1 1 0 1 1 0 1 1 1 1 
1 1 1 1 1 1 0 1 0 1 1 1 
1 1 0 1 1 1 1 0 0 1 1 1 
1 1 0 1 1 1 1 0 0 1 1 1 
1 1 0 1 1 1 1 1 0 1 1 0 
1 1 0 1 1 1 1 1 0 0 1 1 
1 1 0 1 1 1 1 1 0 0 1 1 
1 1 0 1 1 1 1 1 0 0 1 1 
1 1 1 0 1 1 1 1 0 0 1 0 
1 1 1 1 1 1 1 1 0 0 1 1 
1 1 1 1 1 1 1 1 0 0 1 1 
1 1 1 1 1 1 1 1 0 1 1 0 
1 1 1 1 1 1 1 0 1 1 1 0 
1 1 1 0 1 1 1 0 1 1 1 1 
1 1 1 1 1 1 1 0 1 1 1 1 
1 1 1 0 1 1 1 0 1 0 1 1 
1 0 0 1 1 1 1 0 1 0 1 1 
0 1 1 1 1 1 1 0 1 0 1 1 
0 1 1 1 1 1 1 1 1 0 1 1 
0 0 1 1 1 1 1 1 1 1 1 1 
0 1 1 1 1 1 0 0 1 0 1 1 
0 1 0 1 1 1 1 1 1 1 1 1 
1 1 0 1 0 1 1 1 1 0 1 1 
1 1 1 1 0 1 0 0 1 0 1 0 
0 1 1 1 0 1 0 0 1 0 1 0 
1 1 1 1 1 0 0 1 1 1 1 0 
1 1 1 1 1 1 0 1 1 0 1 0 
0 1 1 1 1 1 1 1 1 1 1 0 
1 0 1 0 1 1 0 1 0 1 1 0 
1 0 1 0 1 1 1 0 1 1 1 0 
1 0 1 0 1 0 1 0 0 1 1 0 
1 0 0 0 1 1 0 1 0 0 1 0 
0 0 0 0 1 1 0 0 0 0 1 1 
1 1 0 1 0 0 0 1 0 1 1 0 
Row permutation
40 12 61 69 38 52 25 3 62 74 30 77 7 14 37 47 65 29 34 67 76 63 20 13 19 22 44 46 50 45 16 56 4 73 57 59 53 68 17 24 31 26 33 41 35 42 0 60 51 39 9 28 43 58 64 21 71 72 5 6 10 75 54 78 48 1 18 27 66 36 49 70 11 8 15 32 23 2 55 79 
Total cost: 585530