0 0 0 0 0 1 0 1 0 1 0 0 
0 0 0 1 0 0 0 1 0 1 0 0 
0 0 0 1 0 0 0 1 0 1 0 1 
0 1 0 1 0 0 0 1 0 1 0 1 
0 0 0 1 0 1 0 1 0 0 0 1 
0 1 0 1 0 1 0 1 0 0 0 1 
0 1 0 1 0 1 0 1 0 0 0 0 
0 0 0 1 0 1 0 1 0 0 0 0 
0 0 0 1 0 1 0 0 0 0 0 0 
0 0 1 1 0 1 0 0 0 1 0 1 
0 0 1 1 0 1 0 0 0 0 0 1 
1 0 0 1 0 1 0 0 0 0 0 0 
1 0 1 1 0 1 0 0 0 1 1 0 
1 0 1 1 0 1 0 1 0 0 1 0 
1 0 1 1 0 1 0 1 0 0 1 0 
1 0 1 1 0 1 1 0 0 0 1 1 
1 0 1 1 0 1 1 0 0 0 1 0 
1 0 1 0 0 1 0 0 0 0 1 0 
1 1 1 1 0 1 0 0 0 0 1 0 
0 0 1 1 0 1 0 0 0 0 1 1 
0 0 1 0 0 0 0 0 1 0 0 1 
0 0 1 0 0 0 0 0 1 0 1 0 
0 0 1 0 0 0 1 0 1 0 0 0 
0 1 1 1 0 0 0 0 1 0 0 0 
0 0 1 0 0 0 1 1 0 1 0 0 
0 0 1 1 0 0 1 1 0 1 0 1 
0 0 1 0 0 0 1 1 0 1 0 1 
1 0 1 0 0 0 1 1 1 1 0 1 
1 0 1 1 0 0 1 0 1 1 0 1 
1 0 1 0 0 0 1 1 1 1 0 1 
1 0 1 0 0 0 1 0 1 0 0 1 
1 0 1 0 0 0 1 0 1 0 0 1 
1 0 1 0 0 0 1 0 1 0 0 1 
1 0 1 0 0 0 1 0 1 0 0 1 
1 0 1 0 0 0 0 0 1 0 0 1 
1 0 1 0 0 0 0 0 1 0 0 0 
1 0 1 0 0 0 0 0 1 0 0 0 
1 0 1 0 1 1 0 1 1 0 0 0 
1 0 1 0 1 1 0 0 1 0 0 0 
1 0 1 0 1 0 1 0 1 0 0 1 
1 0 1 0 1 0 1 0 1 0 0 0 
1 0 1 0 1 0 0 0 1 0 0 0 
1 1 1 0 1 0 0 0 1 1 0 0 
0 1 1 0 1 0 0 0 1 1 0 0 
0 1 0 0 1 0 0 0 1 1 0 1 
1 1 0 0 0 0 0 0 1 1 0 1 
0 1 0 1 0 1 1 1 1 0 0 1 
0 1 0 1 0 1 0 0 0 1 0 1 
0 1 0 1 0 0 0 0 0 1 0 0 
0 1 0 0 0 0 0 0 1 1 0 0 
1 1 0 0 0 1 0 0 1 0 0 0 
0 1 0 0 1 1 0 0 0 0 1 0 
0 1 0 0 1 1 0 0 0 0 1 0 
0 1 0 0 1 1 0 0 0 1 0 0 
0 1 0 0 1 0 0 0 0 1 0 0 
0 1 0 0 1 0 0 0 0 1 0 0 
0 1 0 0 1 0 0 0 0 1 0 0 
0 1 0 0 1 0 0 0 0 1 0 0 
0 0 1 0 1 0 0 0 0 1 0 0 
0 0 1 0 1 0 0 0 0 1 0 0 
1 0 0 0 1 0 0 0 1 1 1 0 
1 0 1 0 1 0 1 0 0 0 1 0 
1 0 0 0 1 0 1 0 0 0 0 0 
1 1 0 0 1 0 1 0 0 0 0 0 
0 1 0 0 1 0 1 0 0 0 0 1 
0 1 0 0 1 0 1 0 0 0 0 0 
0 1 0 0 1 1 1 0 0 0 0 0 
0 1 0 0 0 1 1 0 0 0 0 0 
0 1 0 1 0 1 1 0 0 0 0 1 
0 1 0 0 0 1 0 0 0 0 0 1 
1 0 0 0 0 1 0 0 0 0 0 0 
0 0 0 0 0 1 0 0 0 0 0 0 
0 0 0 1 0 1 0 1 0 0 0 0 
0 0 1 1 0 1 0 0 0 0 0 0 
0 0 1 1 0 0 0 0 0 0 0 0 
0 0 1 1 0 0 0 0 0 1 0 0 
0 0 1 0 0 0 0 0 0 1 0 0 
0 0 1 0 0 0 1 0 0 0 0 1 
1 0 1 0 1 0 1 1 0 0 0 1 
0 0 1 0 1 0 1 0 0 0 1 0 
1 0 1 0 1 0 1 1 0 0 1 1 
1 0 1 1 1 0 1 0 0 0 1 0 
1 0 0 1 0 1 1 0 0 0 1 0 
1 0 0 0 0 0 1 1 0 0 0 1 
1 1 0 1 0 0 1 1 0 0 0 0 
1 1 0 0 0 0 0 1 0 0 0 0 
1 0 0 0 0 0 0 1 0 0 0 0 
1 0 0 0 0 0 0 0 0 0 0 0 
Row permutation
35 36 49 74 5 60 12 19 81 25 26 1 64 82 61 79 50 34 70 42 43 31 53 2 71 86 72 75 18 84 10 51 56 73 33 14 87 58 67 41 11 0 85 46 66 80 57 83 39 48 69 47 4 29 20 21 65 76 7 8 40 3 17 45 54 24 52 63 55 32 68 78 37 77 27 9 6 28 44 30 59 15 16 22 13 38 62 23 
Total cost: 322990