0 0 0 1 0 0 0 1 0 1 0 0 
0 0 0 1 0 0 0 1 0 1 0 1 
0 1 0 1 0 0 0 1 0 1 0 1 
0 1 0 1 0 1 0 0 0 1 0 1 
0 1 0 1 0 1 0 1 0 0 0 1 
0 0 0 1 0 1 0 1 0 0 0 1 
0 1 0 1 0 1 1 1 1 0 0 1 
0 1 0 1 0 1 1 0 0 0 0 1 
0 1 0 0 0 1 0 0 0 0 0 1 
0 1 0 1 0 1 0 1 0 0 0 0 
0 0 0 1 0 1 0 1 0 0 0 0 
0 0 0 1 0 1 0 1 0 0 0 0 
1 1 0 1 0 0 1 1 0 0 0 0 
1 1 0 0 0 0 0 1 0 0 0 0 
1 0 0 0 0 0 0 1 0 0 0 0 
0 0 0 0 0 1 0 1 0 1 0 0 
1 0 0 0 0 1 0 0 0 0 0 0 
1 0 0 1 0 1 0 0 0 0 0 0 
0 0 0 1 0 1 0 0 0 0 0 0 
1 0 0 1 0 1 1 0 0 0 1 0 
1 0 0 0 0 0 0 0 0 0 0 0 
0 0 0 0 0 1 0 0 0 0 0 0 
0 0 1 1 0 1 0 0 0 0 0 0 
0 0 1 1 0 1 0 0 0 0 0 1 
0 0 1 1 0 1 0 0 0 1 0 1 
0 0 1 1 0 1 0 0 0 0 1 1 
1 0 1 1 0 1 1 0 0 0 1 1 
1 0 1 1 0 1 1 0 0 0 1 0 
1 0 1 1 0 1 0 0 0 1 1 0 
1 1 1 1 0 1 0 0 0 0 1 0 
1 0 1 1 0 1 0 1 0 0 1 0 
1 0 1 1 0 1 0 1 0 0 1 0 
1 0 1 0 0 1 0 0 0 0 1 0 
1 0 1 0 1 1 0 0 1 0 0 0 
1 0 1 0 1 1 0 1 1 0 0 0 
1 0 1 0 0 0 0 0 1 0 0 0 
1 0 1 0 1 0 0 0 1 0 0 0 
1 0 1 0 0 0 0 0 1 0 0 0 
0 0 1 0 0 0 0 0 1 0 1 0 
1 1 0 0 0 1 0 0 1 0 0 0 
0 1 1 1 0 0 0 0 1 0 0 0 
0 1 0 1 0 0 0 0 0 1 0 0 
0 1 0 0 0 0 0 0 1 1 0 0 
1 1 0 0 0 0 0 0 1 1 0 1 
0 1 0 0 1 0 0 0 1 1 0 1 
0 1 0 0 1 0 0 0 0 1 0 0 
1 1 1 0 1 0 0 0 1 1 0 0 
1 0 0 0 1 0 0 0 1 1 1 0 
0 1 1 0 1 0 0 0 1 1 0 0 
1 1 0 0 1 0 1 0 0 0 0 0 
1 0 1 0 1 0 1 0 1 0 0 0 
1 0 1 0 1 0 1 0 1 0 0 1 
0 0 1 1 0 0 0 0 0 0 0 0 
0 0 1 0 0 0 1 0 1 0 0 0 
1 0 1 0 0 0 1 0 1 0 0 1 
1 0 1 0 0 0 1 0 1 0 0 1 
1 0 1 0 0 0 1 0 1 0 0 1 
1 0 1 0 0 0 0 0 1 0 0 1 
1 0 1 0 0 0 1 0 1 0 0 1 
0 0 1 0 0 0 0 0 1 0 0 1 
0 0 1 0 0 0 1 0 0 0 0 1 
1 0 1 1 0 0 1 0 1 1 0 1 
1 0 1 0 0 0 1 1 1 1 0 1 
1 0 1 0 0 0 1 1 1 1 0 1 
0 0 1 0 0 0 1 1 0 1 0 0 
0 0 1 0 0 0 1 1 0 1 0 1 
0 0 1 1 0 0 1 1 0 1 0 1 
1 0 0 0 0 0 1 1 0 0 0 1 
1 0 1 0 1 0 1 1 0 0 1 1 
1 0 1 0 1 0 1 1 0 0 0 1 
1 0 0 0 1 0 1 0 0 0 0 0 
0 0 1 0 1 0 1 0 0 0 1 0 
1 0 1 1 1 0 1 0 0 0 1 0 
1 0 1 0 1 0 1 0 0 0 1 0 
0 1 0 0 1 1 0 0 0 0 1 0 
0 1 0 0 0 1 1 0 0 0 0 0 
0 1 0 0 1 0 1 0 0 0 0 1 
0 1 0 0 1 1 1 0 0 0 0 0 
0 1 0 0 1 0 1 0 0 0 0 0 
0 1 0 0 1 0 0 0 0 1 0 0 
0 1 0 0 1 0 0 0 0 1 0 0 
0 1 0 0 1 0 0 0 0 1 0 0 
0 0 1 0 1 0 0 0 0 1 0 0 
0 0 1 0 1 0 0 0 0 1 0 0 
0 0 1 0 0 0 0 0 0 1 0 0 
0 0 1 1 0 0 0 0 0 1 0 0 
0 1 0 0 1 1 0 0 0 1 0 0 
0 1 0 0 1 1 0 0 0 0 1 0 
Row permutation
36 49 74 83 60 5 57 55 32 12 37 19 13 38 62 35 68 1 81 16 23 78 77 26 25 42 79 50 64 70 61 82 34 67 58 14 0 87 31 69 2 39 48 80 66 21 85 40 46 45 11 41 27 53 56 73 10 33 51 43 28 18 75 84 71 72 86 22 59 44 17 30 15 3 4 63 54 52 24 20 65 76 7 8 6 9 29 47 
Total cost: 232910