1 0 1 0 0 1 0 0 0 1 0 1 
0 1 1 1 0 1 1 0 0 0 0 0 
0 1 1 1 0 1 1 1 1 0 1 0 
0 0 1 1 0 1 1 1 1 1 1 1 
1 1 1 1 0 1 1 0 0 1 0 1 
1 1 1 1 1 1 0 0 1 1 0 0 
1 1 1 1 1 1 0 0 1 0 0 1 
1 1 1 1 1 1 1 0 0 1 0 1 
0 1 0 1 1 1 1 1 0 1 0 1 
1 1 0 1 1 1 1 1 1 1 1 1 
1 1 0 1 1 1 1 1 0 1 1 0 
1 1 0 1 1 1 1 1 0 1 1 0 
1 1 1 1 0 1 1 1 1 1 1 0 
1 0 1 1 1 1 1 1 1 1 1 0 
1 0 1 1 1 1 1 1 1 0 1 0 
1 0 1 1 1 1 0 1 1 1 1 0 
1 0 1 1 1 0 1 0 1 1 1 0 
1 0 0 1 1 1 1 0 1 1 1 1 
1 1 1 1 1 0 1 1 1 1 1 1 
1 0 1 1 1 0 1 1 1 1 1 1 
1 0 1 1 1 0 0 1 1 1 1 1 
1 0 1 1 0 0 0 1 1 1 1 1 
1 0 1 1 0 1 0 1 1 1 1 1 
1 0 1 0 0 1 1 1 1 1 1 1 
1 1 1 1 1 0 1 1 1 1 1 1 
1 1 1 0 1 1 1 1 1 1 0 1 
1 1 1 1 1 1 1 1 1 1 0 1 
1 1 1 1 0 1 0 1 1 1 0 1 
1 1 1 1 1 1 0 1 1 1 0 1 
1 1 1 1 1 1 0 1 1 1 1 1 
1 1 1 1 1 1 0 1 1 1 1 1 
1 1 1 1 1 1 0 1 1 1 1 1 
1 1 1 1 1 1 0 1 1 1 1 1 
1 1 1 1 1 0 0 1 1 1 1 1 
1 1 1 1 1 0 1 1 1 1 1 1 
1 1 1 1 1 1 1 1 1 0 1 1 
1 0 1 1 1 1 1 1 1 0 1 1 
1 0 1 1 1 0 1 1 1 0 0 1 
1 1 1 1 1 0 1 1 1 0 0 1 
1 1 1 1 1 0 1 1 1 0 1 1 
1 1 1 1 1 0 1 1 1 0 1 1 
0 1 1 1 0 0 1 1 1 0 1 1 
0 1 1 1 0 0 0 1 1 1 1 1 
0 1 1 1 1 0 0 1 1 0 0 1 
0 1 1 1 0 0 1 1 0 0 0 1 
0 1 1 1 1 0 1 1 0 1 0 1 
0 1 1 1 1 1 1 1 0 1 0 1 
0 1 1 1 1 1 1 1 1 1 0 1 
1 1 1 1 1 1 1 1 0 1 1 1 
1 1 1 1 1 0 1 1 0 0 0 0 
1 1 1 1 1 0 0 0 0 0 1 1 
1 1 1 1 1 0 0 1 0 0 1 1 
0 1 1 1 0 0 0 1 0 0 1 1 
0 1 1 1 1 1 0 1 1 1 1 1 
0 1 1 1 1 1 0 1 1 1 1 1 
0 1 1 1 1 1 0 1 1 1 1 1 
0 1 1 1 1 1 1 0 1 1 1 1 
0 1 1 1 1 1 1 0 1 1 1 1 
0 1 1 1 1 1 1 0 1 1 1 0 
0 1 1 1 1 1 1 0 1 1 1 1 
0 1 1 1 1 1 0 1 1 1 1 0 
0 1 1 1 1 1 0 1 1 1 1 0 
0 1 1 1 1 1 1 0 1 1 1 0 
1 1 1 1 1 1 1 0 1 1 1 0 
1 1 1 1 1 1 1 0 1 1 1 0 
1 1 1 1 1 1 1 1 1 1 1 0 
1 1 1 1 1 1 1 1 1 1 1 0 
1 1 1 0 1 1 1 1 1 1 1 0 
1 1 1 0 1 1 1 1 1 1 1 1 
1 1 1 1 1 1 1 0 0 1 1 1 
1 1 1 0 1 1 1 0 0 1 1 0 
1 1 1 0 1 1 1 0 1 0 1 1 
1 1 1 1 1 1 1 0 1 0 1 1 
1 1 1 1 1 1 1 1 0 1 1 1 
1 1 1 0 1 1 1 1 1 1 1 1 
1 1 1 0 1 1 1 0 0 1 1 1 
1 1 0 0 1 1 1 1 0 1 1 1 
1 1 0 1 1 1 1 1 1 1 1 1 
1 1 0 0 1 1 0 1 1 1 1 1 
0 1 0 0 1 1 1 1 1 1 1 0 
0 1 0 1 1 1 1 1 1 1 1 0 
1 1 0 0 1 1 1 1 0 1 1 0 
1 1 0 0 1 1 1 1 1 0 0 1 
1 1 0 1 1 1 0 1 0 0 0 0 
1 1 1 1 1 1 1 0 0 0 0 0 
0 1 0 0 1 0 1 0 0 1 0 1 
0 1 1 0 1 0 0 0 0 1 0 0 
0 1 1 0 1 0 0 0 1 0 0 0 
Row permutation
76 26 18 2 60 74 73 51 17 22 25 56 52 14 31 8 67 11 45 81 0 19 83 48 35 86 38 50 63 3 57 80 82 49 28 34 32 53 39 4 44 7 37 54 71 16 21 85 23 72 69 70 65 5 58 15 6 46 27 59 84 30 9 29 62 12 42 13 24 55 77 79 68 61 33 43 1 47 36 10 40 87 20 64 41 78 66 75 
Total cost: 645610