0 1 0 0 1 0 1 0 0 1 0 1 
0 1 1 0 1 0 0 0 0 1 0 0 
0 1 1 0 1 0 0 0 1 0 0 0 
0 1 1 1 1 0 0 1 1 0 0 1 
1 1 1 1 1 0 1 1 0 0 0 0 
0 1 1 1 1 0 1 1 0 1 0 1 
0 1 0 1 1 1 1 1 0 1 0 1 
0 1 1 1 1 1 1 1 0 1 0 1 
0 1 1 1 1 1 1 0 1 1 1 1 
0 1 1 1 1 1 1 1 1 1 0 1 
1 1 1 1 1 1 1 1 1 1 0 1 
1 1 1 1 1 1 0 0 1 1 0 0 
1 1 1 1 0 1 1 0 0 1 0 1 
1 1 1 1 1 1 1 0 0 1 0 1 
1 1 1 1 1 1 1 0 0 1 1 1 
1 1 1 0 1 1 1 0 0 1 1 1 
1 1 1 0 1 1 1 0 0 1 1 0 
1 1 0 1 1 1 1 1 0 1 1 0 
1 1 0 1 1 1 1 1 0 1 1 0 
1 1 0 0 1 1 1 1 0 1 1 0 
0 1 0 0 1 1 1 1 1 1 1 0 
1 1 0 0 1 1 0 1 1 1 1 1 
1 1 1 0 1 1 1 1 1 1 1 1 
1 1 0 0 1 1 1 1 0 1 1 1 
1 1 1 1 1 1 1 1 0 1 1 1 
1 1 1 1 1 1 1 1 1 1 1 0 
1 1 1 1 1 1 0 1 1 1 1 1 
0 1 1 1 1 1 1 0 1 1 1 1 
0 1 1 1 1 1 1 0 1 1 1 1 
1 1 1 1 1 0 1 1 1 1 1 1 
0 1 1 1 1 1 1 0 1 1 1 0 
1 1 1 1 1 1 1 0 1 1 1 0 
1 1 1 1 1 1 1 0 1 1 1 0 
1 1 1 1 1 1 1 1 1 1 1 0 
1 1 1 0 1 1 1 1 1 1 1 1 
1 1 1 1 1 0 1 1 1 1 1 1 
1 0 1 1 1 1 0 1 1 1 1 0 
1 0 1 1 1 0 0 1 1 1 1 1 
1 0 1 1 0 0 0 1 1 1 1 1 
1 0 1 1 0 1 0 1 1 1 1 1 
1 1 1 1 0 1 0 1 1 1 0 1 
1 1 1 1 1 1 0 1 1 1 0 1 
1 1 1 1 1 1 0 1 1 1 1 1 
1 1 1 1 1 1 0 1 1 1 1 1 
0 1 1 1 1 1 0 1 1 1 1 0 
0 1 1 1 1 1 0 1 1 1 1 0 
0 1 1 1 1 1 0 1 1 1 1 1 
0 1 1 1 1 1 0 1 1 1 1 1 
0 1 1 1 1 1 0 1 1 1 1 1 
1 1 1 1 1 0 0 0 0 0 1 1 
1 1 1 1 1 0 0 1 1 1 1 1 
1 1 1 1 1 1 0 1 1 1 1 1 
1 0 1 1 1 1 1 1 1 0 1 0 
0 1 0 1 1 1 1 1 1 1 1 0 
1 1 1 0 1 1 1 1 1 1 1 0 
1 1 0 1 1 1 1 1 1 1 1 1 
1 1 0 1 1 1 1 1 1 1 1 1 
1 1 1 1 1 0 1 1 1 1 1 1 
1 0 1 1 1 0 1 1 1 1 1 1 
1 1 1 1 1 1 1 1 0 1 1 1 
0 1 1 1 1 1 1 0 1 1 1 0 
1 1 1 1 0 1 1 1 1 1 1 0 
1 1 1 0 1 1 1 1 1 1 0 1 
1 1 1 1 1 1 1 1 1 0 1 1 
1 0 1 0 0 1 1 1 1 1 1 1 
0 0 1 1 0 1 1 1 1 1 1 1 
1 0 1 1 1 1 1 1 1 1 1 0 
1 0 0 1 1 1 1 0 1 1 1 1 
1 0 1 1 1 0 1 0 1 1 1 0 
1 0 1 1 1 1 1 1 1 0 1 1 
1 0 1 1 1 0 1 1 1 0 0 1 
1 1 1 1 1 0 1 1 1 0 1 1 
1 1 1 1 1 0 1 1 1 0 1 1 
1 1 1 1 1 0 0 1 0 0 1 1 
0 1 1 1 0 1 1 1 1 0 1 0 
0 1 1 1 0 0 1 1 1 0 1 1 
0 1 1 1 0 0 0 1 1 1 1 1 
0 1 1 1 0 0 0 1 0 0 1 1 
0 1 1 1 0 0 1 1 0 0 0 1 
1 1 1 1 1 0 1 1 1 0 0 1 
1 1 0 0 1 1 1 1 1 0 0 1 
1 1 1 1 1 1 0 0 1 0 0 1 
1 1 1 0 1 1 1 0 1 0 1 1 
1 1 1 1 1 1 1 0 1 0 1 1 
1 0 1 0 0 1 0 0 0 1 0 1 
1 1 0 1 1 1 0 1 0 0 0 0 
1 1 1 1 1 1 1 0 0 0 0 0 
0 1 1 1 0 1 1 0 0 0 0 0 
Row permutation
78 66 75 54 72 16 17 21 6 85 38 74 60 51 55 43 77 25 56 87 10 36 33 1 61 42 80 46 59 45 27 29 62 12 24 35 8 0 19 83 50 63 3 57 30 84 5 15 58 69 49 82 31 40 13 47 22 28 81 23 9 52 86 34 48 2 14 11 67 32 53 44 4 70 18 7 37 65 71 39 20 73 79 68 76 64 41 26 
Total cost: 375250