0 1 0 0 0 1 0 0 0 0 0 0 
0 1 0 0 1 0 0 0 0 1 0 0 
0 1 1 0 0 0 0 0 0 0 1 0 
0 1 0 0 0 1 0 0 1 0 1 0 
0 0 1 0 0 0 0 0 1 0 0 0 
0 0 1 0 0 0 0 0 1 0 0 1 
1 0 1 0 0 1 0 0 1 0 0 1 
1 0 1 0 0 1 0 0 0 0 0 1 
0 0 0 1 0 1 0 0 0 0 0 1 
0 1 0 0 1 0 1 0 1 0 0 1 
0 0 0 0 1 0 0 0 0 0 0 1 
1 0 0 0 1 0 0 1 0 1 0 1 
0 1 0 0 1 1 0 1 1 1 0 1 
0 1 0 0 1 0 0 1 1 1 0 1 
1 0 0 0 1 0 1 1 1 1 0 1 
1 0 1 0 1 0 1 0 1 0 0 1 
1 0 0 1 1 0 1 0 0 0 0 1 
1 0 0 1 0 1 1 0 1 0 0 1 
1 0 0 0 0 0 0 0 0 0 0 1 
1 0 0 1 0 0 0 0 0 0 1 1 
1 0 0 1 0 0 0 1 0 0 1 1 
1 1 0 1 0 1 0 1 0 0 1 0 
0 1 0 1 0 1 0 1 0 0 1 0 
0 0 1 1 0 1 0 0 0 0 0 0 
0 0 1 1 0 1 0 0 0 0 1 1 
0 0 1 1 0 0 0 0 1 0 1 1 
0 1 1 1 0 0 0 0 1 0 0 1 
1 1 0 1 0 0 0 1 1 0 0 1 
1 0 0 1 1 0 0 0 1 0 0 0 
1 1 0 1 1 0 0 0 1 0 0 0 
1 1 0 1 0 0 0 0 1 1 0 0 
0 1 0 1 0 0 0 0 0 1 0 0 
0 1 0 1 0 0 0 1 0 1 0 0 
0 0 0 1 0 0 0 1 0 1 0 0 
0 0 0 1 0 1 0 1 0 0 0 0 
0 0 1 0 0 0 0 1 0 0 0 0 
1 0 1 0 0 0 0 1 0 0 0 0 
1 0 1 0 1 0 0 1 0 0 0 0 
1 0 1 0 1 0 1 1 0 0 0 1 
1 1 0 0 0 0 0 1 0 0 0 0 
0 1 0 0 0 1 0 1 0 0 1 0 
0 0 0 0 0 0 0 1 0 0 1 0 
0 0 0 0 0 0 0 1 0 1 0 0 
1 0 0 0 0 0 0 1 0 1 0 0 
1 0 0 0 0 0 1 1 0 1 0 0 
0 0 0 0 0 0 1 1 1 1 0 0 
1 0 0 0 0 0 1 1 1 0 0 0 
1 0 1 0 0 0 1 1 0 0 0 1 
0 0 1 0 0 0 1 0 0 0 0 1 
0 0 1 1 0 0 1 0 0 1 0 0 
0 0 1 1 0 0 1 0 1 0 0 1 
1 0 0 1 0 0 1 1 0 0 0 0 
1 0 0 1 0 0 1 0 0 0 0 0 
1 1 0 1 0 0 1 0 0 0 0 0 
1 1 0 0 0 0 1 0 0 0 0 0 
1 1 0 0 1 0 1 0 0 0 0 0 
1 1 0 0 0 0 1 1 0 0 1 1 
1 0 0 0 0 0 1 0 0 1 1 0 
1 0 0 0 1 0 1 0 0 1 1 0 
1 0 0 0 1 0 1 0 0 1 1 0 
1 0 0 0 1 0 0 0 0 1 0 0 
1 1 0 0 1 0 0 1 0 1 0 0 
1 1 0 0 1 0 0 0 0 1 1 0 
1 0 0 0 1 0 0 0 1 1 1 0 
1 0 1 1 1 0 0 0 0 1 1 1 
1 1 1 1 1 0 0 0 1 0 1 0 
1 1 1 1 1 0 0 0 1 0 0 0 
0 1 1 0 1 0 0 0 1 0 0 0 
0 1 0 0 1 0 0 0 0 0 0 0 
0 0 1 0 1 1 0 0 1 0 0 0 
1 0 0 0 1 1 0 0 0 0 0 0 
1 0 0 0 1 1 0 1 0 0 0 0 
1 0 1 0 1 1 0 1 0 1 0 0 
1 0 0 0 1 1 0 1 0 1 0 1 
0 1 0 0 0 1 0 1 0 1 0 1 
0 0 0 0 0 1 0 0 0 1 0 0 
1 0 1 0 0 1 0 0 0 1 0 0 
1 0 1 0 0 0 0 0 0 1 0 0 
1 0 1 0 0 0 0 0 1 1 0 1 
0 0 1 0 0 0 0 0 1 1 0 0 
0 0 1 1 0 0 0 0 1 0 0 0 
0 0 1 1 0 1 0 1 1 1 1 0 
0 0 1 0 0 1 0 1 0 0 1 0 
0 0 1 0 0 0 0 0 0 0 0 0 
1 0 1 0 1 0 0 0 1 0 0 0 
0 0 1 0 1 0 0 0 0 0 0 1 
0 0 1 0 1 0 0 0 0 0 0 1 
0 0 1 0 1 0 0 0 0 0 0 1 
0 1 1 0 1 0 1 0 1 0 1 0 
0 0 1 0 1 0 1 1 1 0 1 0 
0 0 1 0 0 0 1 1 0 1 1 0 
1 0 1 0 1 0 1 1 0 1 1 0 
1 0 0 0 1 0 1 1 0 0 1 0 
1 0 0 0 0 0 1 0 1 0 1 0 
1 0 1 0 0 0 1 0 0 0 1 0 
0 0 0 0 0 0 1 0 0 0 1 0 
Row permutation
63 12 2 32 73 43 6 14 19 24 67 55 29 21 17 41 15 16 23 70 69 79 81 25 42 91 7 46 52 78 86 39 83 36 37 47 64 65 44 38 80 82 56 1 57 84 10 90 28 18 4 58 59 60 71 45 92 72 77 95 85 11 62 40 76 8 5 0 20 9 66 53 88 54 93 35 34 33 74 31 27 26 13 50 94 68 61 89 3 30 48 75 87 22 49 51 
Total cost: 359010