0 1 1 0 0 0 0 0 0 0 1 0 
0 0 1 0 0 0 0 0 1 0 0 0 
0 0 1 0 0 0 0 0 0 0 0 0 
0 0 1 0 0 0 0 1 0 0 0 0 
1 0 1 0 0 0 0 1 0 0 0 0 
1 0 0 0 1 1 0 1 0 0 0 0 
1 0 1 0 1 1 0 1 0 1 0 0 
1 0 0 0 1 0 0 0 1 1 1 0 
0 0 1 0 1 0 1 1 1 0 1 0 
0 1 1 0 1 0 1 0 1 0 1 0 
1 1 1 1 1 0 0 0 1 0 1 0 
1 1 1 1 1 0 0 0 1 0 0 0 
1 1 0 1 1 0 0 0 1 0 0 0 
1 0 0 1 1 0 0 0 1 0 0 0 
1 0 1 0 1 0 0 0 1 0 0 0 
1 0 1 0 1 0 0 1 0 0 0 0 
1 0 0 0 1 1 0 0 0 0 0 0 
1 0 0 0 1 0 0 0 0 1 0 0 
0 1 0 0 1 0 0 0 0 1 0 0 
0 1 0 0 1 0 1 0 1 0 0 1 
1 1 0 0 1 0 1 0 0 0 0 0 
1 1 0 0 0 0 1 0 0 0 0 0 
1 1 0 1 0 0 1 0 0 0 0 0 
1 1 0 1 0 0 0 0 1 1 0 0 
0 1 0 1 0 0 0 0 0 1 0 0 
0 1 0 1 0 0 0 1 0 1 0 0 
1 1 0 0 0 0 0 1 0 0 0 0 
0 1 0 0 1 0 0 1 1 1 0 1 
1 0 0 0 1 1 0 1 0 1 0 1 
1 1 0 0 1 0 0 0 0 1 1 0 
1 1 0 0 1 0 0 1 0 1 0 0 
0 1 0 0 0 1 0 1 0 0 1 0 
0 1 0 1 0 1 0 1 0 0 1 0 
1 1 0 1 0 1 0 1 0 0 1 0 
0 0 1 0 0 1 0 1 0 0 1 0 
0 0 0 0 0 0 0 1 0 0 1 0 
1 0 0 0 0 0 1 0 1 0 1 0 
0 0 0 0 0 0 1 0 0 0 1 0 
1 0 0 0 1 0 1 1 0 0 1 0 
0 0 1 0 0 0 1 1 0 1 1 0 
1 0 1 0 0 0 1 0 0 0 1 0 
1 1 0 0 0 0 1 1 0 0 1 1 
1 0 0 1 0 0 0 1 0 0 1 1 
1 0 0 1 0 0 0 0 0 0 1 1 
1 0 0 1 1 0 1 0 0 0 0 1 
1 0 0 1 0 0 1 0 0 0 0 0 
1 0 0 1 0 0 1 1 0 0 0 0 
0 0 0 1 0 0 0 1 0 1 0 0 
1 0 0 0 0 0 1 1 0 1 0 0 
0 0 0 0 0 0 1 1 1 1 0 0 
1 0 0 0 0 0 1 1 1 0 0 0 
1 0 0 0 1 0 1 1 1 1 0 1 
0 0 0 0 0 0 0 1 0 1 0 0 
1 0 0 0 0 0 0 1 0 1 0 0 
1 0 0 0 1 0 0 1 0 1 0 1 
1 0 1 0 1 0 1 1 0 1 1 0 
1 0 0 0 1 0 1 0 0 1 1 0 
1 0 0 0 1 0 1 0 0 1 1 0 
1 0 0 0 0 0 1 0 0 1 1 0 
1 0 1 0 0 0 0 0 0 1 0 0 
1 0 1 0 0 1 0 0 0 1 0 0 
1 0 1 1 1 0 0 0 0 1 1 1 
1 0 1 0 0 0 0 0 1 1 0 1 
1 0 0 0 0 0 0 0 0 0 0 1 
1 0 1 0 0 1 0 0 0 0 0 1 
1 0 1 0 0 0 1 1 0 0 0 1 
1 0 1 0 1 0 1 1 0 0 0 1 
1 0 1 0 1 0 1 0 1 0 0 1 
0 0 1 0 0 0 1 0 0 0 0 1 
0 0 0 0 0 1 0 0 0 1 0 0 
0 0 0 0 1 0 0 0 0 0 0 1 
0 0 1 0 1 0 0 0 0 0 0 1 
0 0 1 0 1 0 0 0 0 0 0 1 
0 0 1 0 1 0 0 0 0 0 0 1 
0 0 1 1 0 1 0 0 0 0 0 0 
0 0 0 1 0 1 0 1 0 0 0 0 
0 0 0 1 0 1 0 0 0 0 0 1 
0 0 1 1 0 1 0 0 0 0 1 1 
0 0 1 1 0 1 0 1 1 1 1 0 
0 0 1 0 1 1 0 0 1 0 0 0 
1 0 1 0 0 1 0 0 1 0 0 1 
1 0 0 1 0 1 1 0 1 0 0 1 
0 0 1 1 0 0 1 0 1 0 0 1 
0 0 1 1 0 0 0 0 1 0 1 1 
0 0 1 0 0 0 0 0 1 0 0 1 
0 0 1 1 0 0 1 0 0 1 0 0 
0 0 1 0 0 0 0 0 1 1 0 0 
0 0 1 1 0 0 0 0 1 0 0 0 
0 1 1 1 0 0 0 0 1 0 0 1 
1 1 0 1 0 0 0 1 1 0 0 1 
0 1 1 0 1 0 0 0 1 0 0 0 
0 1 0 0 1 1 0 1 1 1 0 1 
0 1 0 0 0 1 0 1 0 1 0 1 
0 1 0 0 0 1 0 0 1 0 1 0 
0 1 0 0 0 1 0 0 0 0 0 0 
0 1 0 0 1 0 0 0 0 0 0 0 
Row permutation
2 73 50 47 64 53 88 40 30 3 8 5 78 52 94 65 66 85 12 24 45 71 60 86 39 83 38 21 54 62 11 80 81 79 13 82 22 51 87 48 49 92 69 70 15 59 58 36 57 84 10 17 56 1 55 75 95 77 72 33 34 76 74 23 14 90 44 41 28 35 67 61 68 89 25 37 19 42 26 9 6 16 4 91 43 18 31 27 7 46 0 29 93 32 63 20 
Total cost: 272960