0 1 0 0 1 1 1 0 0 0 1 0 
0 0 1 1 1 1 1 0 1 1 1 1 
1 0 0 1 1 0 0 0 1 0 1 1 
1 0 1 1 1 1 1 1 1 1 1 0 
0 0 1 1 0 0 1 0 1 1 1 0 
1 0 1 1 0 1 1 0 1 0 1 0 
1 0 1 1 0 1 1 0 1 0 1 0 
1 0 1 1 1 1 1 0 1 1 1 0 
1 1 1 1 0 1 1 0 1 1 0 0 
1 1 1 0 0 1 0 0 1 1 0 0 
1 1 1 0 1 1 0 0 1 1 0 0 
1 1 0 0 1 1 0 0 1 0 0 0 
1 1 0 0 1 1 0 0 1 0 0 0 
1 1 1 1 0 0 1 0 1 0 0 1 
1 1 1 1 0 1 1 1 1 1 0 1 
1 1 0 1 0 1 1 0 1 0 1 1 
1 1 0 1 0 1 1 1 1 0 1 1 
1 1 0 0 1 1 1 1 1 1 1 0 
1 1 1 0 1 0 1 0 0 0 1 0 
1 1 0 0 1 0 1 0 1 1 1 1 
1 1 1 0 1 0 1 1 1 1 1 1 
0 1 1 0 1 0 1 1 1 0 1 1 
1 1 1 0 1 1 1 1 1 0 1 1 
1 1 1 0 1 1 0 1 1 0 1 1 
1 1 1 0 1 1 0 1 1 0 1 1 
1 1 1 1 1 1 0 1 1 0 1 1 
1 1 1 1 1 1 0 1 1 0 1 1 
1 1 1 1 1 1 0 1 0 0 1 1 
1 1 1 1 1 1 0 1 1 1 1 1 
1 0 1 1 1 1 0 1 1 1 1 1 
1 0 1 1 1 0 1 1 1 0 1 1 
1 0 1 1 1 1 1 1 1 0 1 1 
1 1 1 0 1 0 1 1 1 1 0 1 
1 1 1 1 1 0 1 1 1 1 0 1 
1 1 1 1 1 1 1 1 1 1 0 1 
1 1 1 1 1 1 1 1 0 1 0 0 
1 1 0 1 1 1 1 0 1 1 0 0 
0 1 0 1 1 1 1 0 1 1 0 0 
0 1 1 1 1 1 1 1 1 1 0 0 
0 1 1 1 1 1 1 0 1 1 1 0 
0 1 1 1 1 1 1 0 1 1 1 0 
0 1 1 1 1 1 1 1 1 1 1 1 
0 1 1 1 1 1 1 1 1 1 1 1 
0 1 1 1 1 1 1 1 1 1 1 1 
0 1 1 1 1 1 1 1 1 1 1 1 
0 1 1 1 1 1 1 1 1 1 1 0 
1 1 1 1 1 1 0 1 1 1 1 1 
1 1 1 1 1 1 0 1 1 1 1 1 
1 1 1 1 1 1 0 1 1 1 1 1 
1 1 1 1 1 1 0 1 1 1 1 1 
1 1 1 1 0 1 0 1 1 1 1 1 
1 1 1 1 1 1 1 1 1 1 1 1 
1 1 1 1 0 1 1 1 1 1 1 1 
1 1 1 1 0 1 1 0 1 1 1 1 
1 1 1 1 1 1 1 0 1 1 1 1 
1 1 1 1 1 1 1 0 1 1 1 1 
1 1 1 1 1 1 1 0 1 1 1 1 
1 1 1 0 1 1 1 1 1 1 1 1 
1 1 1 0 1 1 1 0 1 1 1 1 
1 1 1 0 1 1 1 1 1 1 1 0 
1 1 1 0 1 1 1 1 1 1 1 1 
1 1 1 0 1 1 1 1 1 1 1 1 
1 1 0 0 1 1 1 1 1 1 1 1 
1 1 0 1 1 1 1 1 1 1 1 1 
1 1 0 1 1 1 1 1 1 1 1 1 
1 1 0 1 1 1 1 1 0 1 1 1 
1 1 0 1 1 0 1 1 0 0 1 1 
1 1 0 0 1 0 1 1 0 1 1 1 
1 1 1 0 1 0 1 1 0 1 1 1 
1 1 1 1 1 1 1 1 0 1 1 1 
1 1 1 1 1 1 1 1 0 1 1 1 
1 1 1 1 1 0 1 1 0 1 1 1 
1 0 1 1 1 1 1 1 0 1 1 1 
1 0 1 1 1 1 1 1 0 1 1 1 
1 0 1 1 1 1 1 1 0 1 1 1 
1 0 1 1 1 1 1 1 0 1 1 1 
1 0 1 1 1 1 1 1 1 1 1 1 
1 0 1 1 1 1 1 1 1 1 1 1 
0 0 1 1 1 1 1 1 1 1 1 0 
1 0 1 1 1 1 1 1 1 1 0 1 
1 0 1 1 1 1 1 1 1 1 0 1 
0 0 1 1 0 1 1 1 1 1 0 0 
0 1 0 1 0 1 1 1 1 1 1 0 
0 1 0 1 0 1 0 1 1 1 1 0 
0 1 0 1 0 1 0 1 0 1 1 1 
1 1 0 0 0 1 0 1 0 1 1 0 
1 0 0 0 0 1 1 1 0 0 1 0 
1 0 1 1 0 1 1 1 0 0 1 0 
1 1 1 1 1 0 1 1 0 1 1 0 
0 0 1 0 1 0 1 1 1 1 1 0 
0 1 1 0 1 0 1 1 0 1 0 0 
1 0 1 1 1 0 1 0 1 1 0 1 
1 1 1 1 0 0 1 1 0 1 1 1 
0 1 1 1 0 0 1 0 0 1 1 0 
0 1 1 1 1 0 1 0 1 1 0 0 
0 1 0 1 1 0 0 0 1 1 0 0 
Row permutation
75 19 89 69 54 83 86 84 34 73 76 77 74 41 4 26 78 43 88 94 17 92 16 42 56 18 29 25 9 15 63 30 21 32 52 67 79 80 71 28 44 35 37 45 46 7 10 14 40 62 31 22 13 39 12 47 48 1 24 33 6 23 55 2 59 11 95 51 60 61 38 27 66 8 5 0 58 3 49 36 57 85 64 65 70 91 93 90 68 87 82 50 20 53 81 72 
Total cost: 705910