1 0 1 1 0 1 1 1 0 0 1 0 
1 0 0 0 0 1 1 1 0 0 1 0 
1 1 0 0 0 1 0 1 0 1 1 0 
0 1 0 1 0 1 0 1 0 1 1 1 
0 1 0 1 0 1 0 1 1 1 1 0 
0 1 0 1 0 1 1 1 1 1 1 0 
0 0 1 1 1 1 1 1 1 1 1 0 
0 0 1 1 0 1 1 1 1 1 0 0 
0 0 1 1 0 0 1 0 1 1 1 0 
1 0 1 1 0 1 1 0 1 0 1 0 
1 0 1 1 0 1 1 0 1 0 1 0 
1 0 1 1 1 1 1 0 1 1 1 0 
0 0 1 1 1 1 1 0 1 1 1 1 
0 1 1 1 1 1 1 0 1 1 1 0 
0 1 1 1 1 1 1 0 1 1 1 0 
0 1 1 1 0 0 1 0 0 1 1 0 
0 1 1 1 1 1 1 1 1 1 0 0 
1 1 1 1 1 1 1 1 0 1 0 0 
1 1 1 1 0 1 1 0 1 1 0 0 
1 1 1 0 0 1 0 0 1 1 0 0 
1 1 1 0 1 1 0 0 1 1 0 0 
1 1 0 0 1 0 1 0 1 1 1 1 
1 1 0 1 1 1 1 0 1 1 0 0 
0 1 0 1 1 1 1 0 1 1 0 0 
0 1 0 0 1 1 1 0 0 0 1 0 
1 1 1 0 1 0 1 0 0 0 1 0 
1 1 1 1 1 0 1 1 0 1 1 0 
1 1 0 1 1 1 1 1 0 1 1 1 
1 1 0 1 1 0 1 1 0 0 1 1 
1 0 1 1 1 1 1 1 0 1 1 1 
1 0 1 1 1 1 1 1 0 1 1 1 
1 0 1 1 1 1 1 1 0 1 1 1 
1 0 1 1 1 1 1 1 1 1 1 1 
1 0 1 1 1 1 1 1 1 1 1 1 
1 0 1 1 1 1 1 1 1 1 0 1 
1 0 1 1 1 1 1 1 1 1 0 1 
1 1 1 1 1 1 1 1 1 1 0 1 
1 0 1 1 1 1 0 1 1 1 1 1 
1 1 1 1 1 1 0 1 1 1 1 1 
1 1 1 1 1 1 0 1 1 1 1 1 
1 1 1 1 1 1 0 1 1 1 1 1 
1 1 1 1 1 1 0 1 1 1 1 1 
1 1 1 1 0 1 0 1 1 1 1 1 
1 1 1 1 0 1 1 1 1 1 1 1 
1 1 1 1 0 1 1 0 1 1 1 1 
1 1 1 1 1 1 1 0 1 1 1 1 
1 1 1 1 1 1 1 0 1 1 1 1 
1 1 1 1 1 1 1 0 1 1 1 1 
1 1 1 0 1 1 1 0 1 1 1 1 
1 1 1 0 1 1 1 1 1 1 1 1 
1 1 1 0 1 1 1 1 1 1 1 1 
1 1 1 0 1 1 1 1 1 1 1 1 
1 1 1 0 1 1 1 1 1 1 1 0 
1 1 0 0 1 1 1 1 1 1 1 0 
1 1 0 0 1 1 1 1 1 1 1 1 
1 1 0 1 1 1 1 1 1 1 1 1 
1 1 0 1 1 1 1 1 1 1 1 1 
1 1 1 1 1 0 1 1 0 1 1 1 
1 1 1 1 1 1 1 1 0 1 1 1 
1 1 1 1 1 1 1 1 0 1 1 1 
1 0 1 1 1 1 1 1 0 1 1 1 
1 0 1 1 1 1 1 1 1 1 1 0 
1 1 1 1 1 1 0 1 1 1 1 1 
1 1 1 0 1 0 1 1 1 1 1 1 
1 1 1 0 1 0 1 1 0 1 1 1 
1 1 0 0 1 0 1 1 0 1 1 1 
1 0 1 1 1 0 1 1 1 0 1 1 
1 0 1 1 1 1 1 1 1 0 1 1 
1 1 1 0 1 1 1 1 1 0 1 1 
1 0 0 1 1 0 0 0 1 0 1 1 
1 1 1 1 1 1 0 1 1 0 1 1 
1 1 1 1 1 1 0 1 1 0 1 1 
1 1 1 0 1 1 0 1 1 0 1 1 
1 1 1 0 1 1 0 1 1 0 1 1 
1 1 1 1 1 1 0 1 0 0 1 1 
1 1 1 1 0 0 1 0 1 0 0 1 
1 1 0 1 0 1 1 0 1 0 1 1 
1 1 0 1 0 1 1 1 1 0 1 1 
1 1 1 1 0 1 1 1 1 1 0 1 
1 1 1 1 0 0 1 1 0 1 1 1 
1 1 1 1 1 1 1 1 1 1 1 1 
0 1 1 1 1 1 1 1 1 1 1 1 
0 1 1 1 1 1 1 1 1 1 1 1 
0 1 1 1 1 1 1 1 1 1 1 1 
0 1 1 1 1 1 1 1 1 1 1 1 
0 1 1 1 1 1 1 1 1 1 1 0 
0 0 1 0 1 0 1 1 1 1 1 0 
0 1 1 0 1 0 1 1 1 0 1 1 
1 1 1 1 1 0 1 1 1 1 0 1 
1 1 1 0 1 0 1 1 1 1 0 1 
1 0 1 1 1 0 1 0 1 1 0 1 
0 1 1 1 1 0 1 0 1 1 0 0 
0 1 1 0 1 0 1 1 0 1 0 0 
0 1 0 1 1 0 0 0 1 1 0 0 
1 1 0 0 1 1 0 0 1 0 0 0 
1 1 0 0 1 1 0 0 1 0 0 0 
Row permutation
90 93 91 70 65 64 49 85 54 83 86 84 19 28 44 53 71 67 34 73 76 94 79 80 75 88 68 11 95 8 5 0 58 3 57 36 52 15 10 14 40 62 31 13 39 12 47 48 24 1 6 23 33 43 55 2 59 27 61 38 66 69 9 17 60 51 63 30 16 89 29 18 56 42 25 41 26 78 4 20 22 46 45 37 35 7 87 92 32 21 50 81 82 72 74 77 
Total cost: 412390