0.30 48 16 75 1000 1700 2890 4920 8470 14400 
1 1 1 1 0 1 0 0 1 1 1 0 0 1 1 1 
1 1 1 1 1 0 0 1 0 0 1 0 1 1 1 1 
0 1 1 1 1 1 1 1 1 0 1 1 1 1 1 1 
1 1 1 1 0 1 1 1 1 1 1 1 0 1 1 1 
0 0 1 0 1 0 0 1 1 1 1 0 1 0 1 1 
0 0 1 1 0 1 1 1 1 0 1 1 1 1 1 0 
1 1 1 1 0 0 0 1 1 1 1 1 1 1 1 1 
0 0 1 1 1 0 1 1 1 1 1 1 1 1 1 1 
0 1 0 1 1 1 1 1 1 0 1 1 1 1 0 1 
1 1 0 0 1 1 1 0 1 1 1 0 1 0 1 0 
1 1 1 0 1 1 1 1 0 1 1 1 1 1 0 1 
1 1 1 1 1 0 0 1 1 1 1 0 1 1 1 1 
1 1 0 1 1 1 1 1 0 1 1 1 0 1 0 0 
1 1 1 0 1 1 1 1 1 1 1 1 1 1 1 1 
1 1 1 0 1 0 1 1 0 0 1 1 1 1 1 1 
1 1 1 0 0 1 1 1 1 1 1 1 0 1 1 1 
1 0 1 0 0 1 0 0 1 1 0 1 1 1 1 1 
0 1 1 0 1 1 1 1 1 1 0 1 0 1 1 0 
1 1 1 0 0 1 1 0 1 0 1 1 1 0 1 1 
1 0 0 1 1 1 1 1 1 1 0 1 1 0 1 0 
0 1 1 1 1 1 1 1 1 0 0 1 1 1 1 1 
1 1 0 1 1 0 1 1 0 1 1 1 1 1 0 1 
1 1 1 1 1 1 1 1 0 1 1 0 1 0 1 1 
1 0 1 0 1 1 1 1 1 1 0 1 1 1 0 1 
0 1 0 1 1 1 1 1 1 1 1 1 1 1 1 0 
1 0 0 1 1 1 1 1 1 0 1 0 1 1 1 1 
1 0 1 1 1 1 1 1 1 0 1 0 0 1 1 1 
1 0 1 1 1 1 1 1 0 1 1 1 0 1 1 1 
1 1 0 0 1 0 1 1 1 1 0 1 1 1 0 1 
1 0 1 1 1 1 1 0 1 1 0 1 0 1 1 1 
1 1 1 0 1 1 1 0 1 1 1 1 1 1 1 1 
1 1 1 1 1 1 0 1 0 0 1 0 1 1 1 1 
1 0 1 1 1 1 1 1 1 1 1 1 0 1 1 1 
0 1 1 0 1 1 0 1 0 0 1 1 0 1 1 1 
0 1 1 1 1 1 1 1 1 1 1 1 0 1 1 1 
0 0 1 1 0 1 1 0 1 1 1 1 1 1 1 1 
0 0 1 1 0 1 1 1 1 1 0 1 1 1 1 1 
1 1 0 1 1 0 1 1 1 1 1 1 1 1 0 1 
1 0 1 1 1 1 0 0 1 1 1 1 1 1 1 1 
0 1 1 1 0 1 1 0 1 1 1 1 1 0 1 1 
0 0 0 0 0 1 1 0 1 1 0 1 1 0 1 1 
0 1 1 1 0 1 1 0 1 1 0 1 1 1 1 0 
0 1 1 1 0 1 1 0 0 0 0 1 1 1 1 1 
0 0 1 1 0 1 1 0 0 1 1 1 0 0 1 1 
1 0 0 1 1 1 1 1 1 1 1 1 0 1 1 1 
1 1 1 0 0 1 1 1 1 1 0 1 1 1 1 1 
1 1 0 0 1 0 1 1 1 1 0 1 1 1 1 0 
1 0 1 1 1 1 0 1 1 0 0 1 0 1 1 1 
