0.10 80 12 75 1000 1900 3610 6860 13040 24780 47090 
1 1 1 1 0 1 1 0 1 1 1 1 
0 0 1 1 1 1 1 1 1 1 1 1 
1 0 0 0 1 1 0 1 0 0 1 0 
1 1 1 0 1 0 1 1 1 1 0 1 
1 1 1 1 1 1 0 1 1 1 1 1 
1 1 1 1 1 1 1 0 1 1 1 0 
1 1 1 0 1 1 1 0 1 1 1 1 
1 1 1 1 0 1 1 1 1 1 0 1 
0 1 1 1 1 1 1 1 1 1 1 0 
1 1 0 1 1 1 1 1 0 1 1 0 
1 1 1 1 1 1 1 0 1 1 1 1 
1 1 1 1 1 1 0 1 1 0 1 0 
0 1 1 1 0 0 1 1 1 1 0 1 
0 1 1 1 1 1 0 0 1 1 1 1 
1 1 1 1 0 1 1 1 1 1 0 1 
1 0 1 0 1 1 0 1 0 1 1 0 
0 1 1 1 1 0 1 1 1 1 1 1 
1 0 1 1 1 0 1 1 1 1 1 1 
0 1 1 1 1 1 0 0 1 0 1 1 
0 1 1 1 1 1 1 0 1 1 1 1 
0 1 1 1 1 1 0 0 1 1 1 1 
1 1 1 1 1 1 1 1 0 0 1 1 
0 1 1 1 1 1 1 0 1 1 1 1 
1 0 1 0 1 0 1 0 0 1 1 0 
1 0 1 1 1 1 1 0 1 1 1 1 
1 1 1 0 0 0 1 1 1 1 0 1 
1 0 0 1 1 1 1 0 1 1 1 1 
0 1 0 1 1 1 1 1 1 1 1 1 
1 1 0 1 1 1 1 1 0 0 1 1 
1 1 1 1 1 1 0 0 1 1 1 1 
1 1 1 1 0 0 1 1 1 1 0 1 
1 0 1 1 1 1 1 0 1 1 1 1 
1 0 1 0 1 1 1 0 1 1 1 0 
1 0 0 1 1 1 1 0 0 1 1 1 
0 1 1 1 1 1 0 0 1 0 1 1 
1 0 0 1 1 1 1 0 0 1 1 1 
1 1 1 1 0 1 0 0 1 0 1 0 
1 1 1 1 0 1 1 1 1 1 0 1 
1 1 1 0 0 0 1 1 1 1 0 0 
1 1 0 1 1 1 1 0 0 1 1 1 
0 0 1 0 1 1 1 0 1 1 1 0 
1 0 0 1 1 1 1 0 0 1 1 1 
1 1 0 1 1 1 1 0 1 1 1 1 
1 1 0 1 1 1 1 1 0 0 1 1 
0 1 1 1 1 1 1 1 1 1 1 1 
0 1 1 1 1 0 1 1 1 1 1 1 
0 1 1 1 1 0 1 1 1 1 1 1 
1 1 1 1 0 1 1 1 1 1 0 1 
0 1 1 1 1 1 1 1 1 0 1 1 
0 1 1 1 0 1 0 0 1 0 1 0 
0 1 1 1 1 1 1 1 1 1 1 1 
1 1 0 1 1 1 1 0 0 1 1 1 
1 1 1 0 0 0 1 1 1 1 0 1 
1 0 1 1 1 1 1 0 1 1 1 1 
1 0 0 1 1 1 1 0 1 0 1 1 
0 0 0 0 1 1 0 0 0 0 1 1 
1 1 1 0 1 0 1 1 1 1 1 1 
1 1 1 1 0 0 1 1 1 1 0 1 
1 1 0 1 1 1 1 1 0 0 1 1 
1 1 1 1 0 0 1 1 1 1 1 1 
1 1 1 1 1 1 0 1 0 1 1 1 
1 1 1 0 1 0 1 1 1 1 0 0 
1 1 0 1 0 1 1 1 0 1 0 1 
0 1 1 1 1 1 0 0 1 1 1 1 
1 1 1 0 1 1 1 1 0 0 1 0 
1 1 1 1 0 1 0 1 1 1 1 1 
1 1 0 1 0 1 1 1 1 0 1 1 
0 1 1 1 1 1 0 1 1 1 1 1 
1 0 1 1 1 0 1 0 1 0 1 1 
1 0 1 0 1 0 1 1 1 1 0 0 
1 1 1 1 1 0 0 1 1 1 1 0 
1 1 1 1 1 1 1 1 0 0 1 1 
1 1 1 1 1 1 1 1 0 1 1 0 
1 1 1 1 0 1 0 1 1 1 1 1 
1 1 1 0 0 1 1 1 0 1 1 1 
1 1 1 0 1 1 1 0 1 0 1 1 
1 1 1 1 1 1 0 1 1 1 1 1 
1 1 1 1 0 1 1 1 1 1 0 1 
0 1 1 1 1 1 1 0 1 0 1 1 
1 1 0 1 0 0 0 1 0 1 1 0 
