0.10 24 10 35 1000 1900 3610 6860 13040 
0 0 0 0 1 0 1 1 0 1 
1 0 1 0 0 1 0 0 1 0 
1 0 0 1 0 1 1 0 1 0 
1 0 0 1 0 0 0 0 1 0 
0 0 0 0 0 1 1 0 1 1 
0 1 0 0 0 0 1 0 0 1 
1 0 0 0 1 0 0 0 0 1 
0 0 1 0 0 0 0 0 0 1 
1 1 0 0 0 1 0 1 0 0 
1 0 0 1 0 1 0 1 1 0 
0 0 0 1 0 0 0 1 1 0 
0 0 1 0 0 1 0 1 0 0 
0 0 1 0 1 0 0 1 0 1 
0 0 0 0 0 0 1 1 0 0 
1 0 0 1 0 0 0 1 0 0 
1 0 0 0 1 1 0 1 0 0 
0 0 0 0 1 0 0 0 1 1 
0 0 0 1 1 0 0 0 1 0 
0 1 1 0 1 0 0 0 0 0 
0 0 0 0 1 0 0 1 0 0 
0 0 1 0 1 1 1 0 0 0 
1 0 1 0 1 0 1 0 0 1 
0 1 0 0 1 0 1 0 0 1 
0 1 0 1 0 0 1 0 0 0 
