0.30 56 18 35 1000 1700 2890 4920 8470 14400 
0 0 1 1 0 0 1 0 1 0 0 1 1 1 1 1 1 0 
0 1 0 0 1 0 0 1 1 0 0 1 0 0 1 0 0 0 
0 0 1 0 1 0 1 0 0 0 1 0 0 0 0 0 0 0 
1 0 1 0 0 0 0 0 0 0 1 0 1 0 1 1 1 1 
0 1 1 0 0 0 0 1 0 0 0 1 1 0 0 0 0 1 
0 0 1 0 0 0 1 0 0 0 1 1 0 0 0 0 1 1 
1 0 0 1 0 1 1 0 0 0 0 1 1 0 1 1 0 1 
0 0 1 0 0 0 0 0 1 0 1 0 0 1 0 0 0 0 
1 0 1 0 0 1 0 0 1 0 0 0 0 0 1 0 0 0 
0 1 1 0 0 0 1 0 1 0 0 0 0 0 0 1 0 1 
0 0 1 0 0 0 0 1 1 0 0 0 0 0 0 0 0 0 
0 1 0 0 0 0 0 0 1 0 0 0 0 0 0 0 1 0 
1 1 1 0 0 0 0 0 1 1 0 1 0 1 0 0 0 0 
1 0 0 0 0 0 0 0 0 0 1 1 1 0 0 0 1 1 
1 0 0 0 1 0 0 0 1 0 1 0 1 0 0 0 0 1 
0 0 0 1 0 1 1 0 1 1 0 1 0 0 0 1 1 1 
0 1 0 0 1 0 0 0 0 0 1 1 0 0 0 1 1 1 
0 0 1 0 1 0 0 0 0 1 0 0 0 1 1 0 0 1 
0 1 1 0 0 0 0 1 1 0 0 1 0 0 0 0 1 0 
0 1 0 0 1 1 0 1 0 0 0 0 0 0 0 0 0 1 
0 0 0 1 1 0 1 0 0 0 0 0 0 1 1 1 1 1 
0 1 0 0 0 0 1 0 0 1 1 0 1 0 1 0 1 0 
1 0 0 1 0 0 0 0 1 0 0 0 0 0 0 1 1 1 
0 1 0 0 0 1 0 1 1 1 0 0 0 1 1 1 1 0 
0 0 0 0 1 1 0 1 0 1 0 0 0 1 1 0 1 0 
1 0 0 1 0 0 0 0 0 1 0 0 1 1 1 0 0 1 
0 0 0 0 0 0 1 0 0 1 0 1 0 1 1 0 0 0 
0 1 1 0 0 1 1 0 0 0 1 0 1 0 0 0 0 0 
0 0 0 0 0 1 1 0 0 0 0 1 0 0 1 0 0 1 
0 0 0 1 1 0 0 1 0 0 1 1 1 0 0 0 0 0 
0 0 0 0 1 0 0 1 1 0 0 0 1 1 1 0 0 1 
1 0 1 0 0 0 0 1 0 0 0 0 0 0 0 1 0 0 
1 0 0 0 0 0 0 1 1 0 1 0 0 0 0 1 0 1 
0 0 1 0 1 1 0 0 1 1 0 1 0 0 0 0 0 1 
0 1 0 0 0 1 0 0 1 0 1 0 1 0 0 1 0 1 
0 1 1 0 1 1 0 1 0 1 1 0 1 1 0 1 0 0 
1 0 1 0 0 0 0 1 0 0 0 0 0 0 0 0 0 0 
0 0 0 1 0 0 0 0 1 0 0 1 0 0 0 1 0 0 
0 0 1 0 0 0 0 0 0 0 1 0 1 1 0 0 1 0 
1 0 1 1 0 0 0 1 1 0 0 0 0 0 1 0 1 1 
1 0 0 0 1 1 1 0 0 1 0 0 0 0 0 0 0 1 
0 0 0 0 1 0 1 0 0 0 1 0 1 0 1 0 0 1 
0 1 1 0 0 1 0 0 1 0 1 0 0 1 0 0 0 1 
0 0 0 1 0 1 0 1 0 0 0 1 1 0 1 0 0 1 
0 0 0 1 0 0 0 1 0 0 0 0 1 0 1 0 0 0 
0 1 1 0 0 1 1 1 1 0 1 1 1 1 0 0 0 0 
1 1 0 0 0 1 1 0 1 0 0 0 0 0 1 0 1 0 
0 0 1 0 0 0 0 0 0 0 0 0 1 1 0 0 0 0 
0 0 0 1 1 1 0 1 0 0 0 0 0 0 0 0 0 1 
0 0 1 1 1 0 0 0 0 1 1 1 1 0 1 0 1 0 
1 0 0 1 0 0 1 0 0 1 0 0 0 1 0 1 1 0 
0 1 1 0 0 0 0 0 1 1 1 0 0 1 0 1 1 0 
0 0 1 0 0 0 0 0 0 1 0 0 0 1 1 1 0 1 
0 0 0 0 1 0 0 0 0 0 0 0 1 1 0 1 0 0 
0 1 0 0 1 1 0 0 0 1 1 0 0 1 1 0 0 0 
0 0 1 0 1 1 0 0 1 1 0 0 0 1 0 0 1 1 
